{
  "1": {
    "matrix_hard": [
      [
        0.0,
        0.13888115917101423,
        0.14564712484811487,
        0.17999211554649014,
        0.17428103782379123,
        0.24515742540976024,
        0.1622798418653151,
        0.20529978900314247,
        0.17420608600695767,
        0.2021126595262412,
        0.2206290902982969
      ],
      [
        0.13888115917101423,
        0.0,
        0.008555473579768887,
        0.10141745106410659,
        0.09044012200537302,
        0.1746120029428515,
        0.0921747494231655,
        0.1465681710306993,
        0.1090064616642365,
        0.10191578688418532,
        0.13471368843179427
      ],
      [
        0.14564712484811487,
        0.008555473579768887,
        0.0,
        0.10337477732589764,
        0.08457748895338812,
        0.18197478328698863,
        0.08513509949079101,
        0.13894199890902578,
        0.1094007438098392,
        0.09558366453915082,
        0.13184332970042273
      ],
      [
        0.17999211554649014,
        0.10141745106410659,
        0.10337477732589764,
        0.0,
        0.06784234421068243,
        0.12076073154447452,
        0.09956795595385302,
        0.06707310432945174,
        0.06531487377721222,
        0.06481451432347651,
        0.07541839462035135
      ],
      [
        0.17428103782379123,
        0.09044012200537302,
        0.08457748895338812,
        0.06784234421068243,
        0.0,
        0.15421727338085944,
        0.12391986872672765,
        0.11657207519381432,
        0.09788485496332561,
        0.07350487879110311,
        0.125363169076627
      ],
      [
        0.24515742540976024,
        0.1746120029428515,
        0.18197478328698863,
        0.12076073154447452,
        0.15421727338085944,
        0.0,
        0.14867083482952972,
        0.19076845084303717,
        0.16903846276429937,
        0.15869212218931153,
        0.18581118411448064
      ],
      [
        0.1622798418653151,
        0.0921747494231655,
        0.08513509949079101,
        0.09956795595385302,
        0.12391986872672765,
        0.14867083482952972,
        0.0,
        0.1427493917562848,
        0.12934214194660956,
        0.13880192620203113,
        0.12589949376303405
      ],
      [
        0.20529978900314247,
        0.1465681710306993,
        0.13894199890902578,
        0.06707310432945174,
        0.11657207519381432,
        0.19076845084303717,
        0.1427493917562848,
        0.0,
        0.079525131997816,
        0.0779636140931967,
        0.11649484812714658
      ],
      [
        0.17420608600695767,
        0.1090064616642365,
        0.1094007438098392,
        0.06531487377721222,
        0.09788485496332561,
        0.16903846276429937,
        0.12934214194660956,
        0.079525131997816,
        0.0,
        0.06967883896590765,
        0.06404012507436128
      ],
      [
        0.2021126595262412,
        0.10191578688418532,
        0.09558366453915082,
        0.06481451432347651,
        0.07350487879110311,
        0.15869212218931153,
        0.13880192620203113,
        0.0779636140931967,
        0.06967883896590765,
        0.0,
        0.10910558060095248
      ],
      [
        0.2206290902982969,
        0.13471368843179427,
        0.13184332970042273,
        0.07541839462035135,
        0.125363169076627,
        0.18581118411448064,
        0.12589949376303405,
        0.11649484812714658,
        0.06404012507436128,
        0.10910558060095248,
        0.0
      ]
    ],
    "matrix_soft": [
      [
        0.0,
        0.03042501543305448,
        0.032755114316582484,
        0.037158367316020534,
        0.037803275384466865,
        0.052816151551776186,
        0.044938029400088876,
        0.034237569833043935,
        0.03691593358456913,
        0.038886201766829415,
        0.03766844098619042
      ],
      [
        0.03042501543305448,
        0.0,
        0.0009722881291829854,
        0.00881384146201974,
        0.006822813764547292,
        0.02411161293674837,
        0.013972772121397144,
        0.009285763199601747,
        0.013384029824602114,
        0.008612582123883685,
        0.011197643943701345
      ],
      [
        0.032755114316582484,
        0.0009722881291829854,
        0.0,
        0.010137627531493965,
        0.0077183435509634545,
        0.026497818472891437,
        0.012907250920747695,
        0.009924303207315547,
        0.014667322713292137,
        0.009265723861740082,
        0.012428312828456268
      ],
      [
        0.037158367316020534,
        0.00881384146201974,
        0.010137627531493965,
        0.0,
        0.006895739782970962,
        0.017155833741638305,
        0.016098503214736194,
        0.006674229487695815,
        0.007993967246802465,
        0.0051161845730476226,
        0.007665411187509816
      ],
      [
        0.037803275384466865,
        0.006822813764547292,
        0.0077183435509634545,
        0.006895739782970962,
        0.0,
        0.020878911480287463,
        0.021480295845535374,
        0.009879905482910978,
        0.01036806009858985,
        0.005952589612868239,
        0.009380322082636484
      ],
      [
        0.052816151551776186,
        0.02411161293674837,
        0.026497818472891437,
        0.017155833741638305,
        0.020878911480287463,
        0.0,
        0.027344472939715533,
        0.022585191667931187,
        0.02333536924207908,
        0.01790781175916242,
        0.025055620332876484
      ],
      [
        0.044938029400088876,
        0.013972772121397144,
        0.012907250920747695,
        0.016098503214736194,
        0.021480295845535374,
        0.027344472939715533,
        0.0,
        0.017066883777166277,
        0.024220015751370335,
        0.02073427944536968,
        0.019676805151720374
      ],
      [
        0.034237569833043935,
        0.009285763199601747,
        0.009924303207315547,
        0.006674229487695815,
        0.009879905482910978,
        0.022585191667931187,
        0.017066883777166277,
        0.0,
        0.005425587744118499,
        0.006006178331985524,
        0.008634848502712582
      ],
      [
        0.03691593358456913,
        0.013384029824602114,
        0.014667322713292137,
        0.007993967246802465,
        0.01036806009858985,
        0.02333536924207908,
        0.024220015751370335,
        0.005425587744118499,
        0.0,
        0.0056057429299334405,
        0.006599679711197398
      ],
      [
        0.038886201766829415,
        0.008612582123883685,
        0.009265723861740082,
        0.0051161845730476226,
        0.005952589612868239,
        0.01790781175916242,
        0.02073427944536968,
        0.006006178331985524,
        0.0056057429299334405,
        0.0,
        0.007647883736880869
      ],
      [
        0.03766844098619042,
        0.011197643943701345,
        0.012428312828456268,
        0.007665411187509816,
        0.009380322082636484,
        0.025055620332876484,
        0.019676805151720374,
        0.008634848502712582,
        0.006599679711197398,
        0.007647883736880869,
        0.0
      ]
    ],
    "lang_order": [
      "english",
      "hindi",
      "marathi",
      "bengali",
      "gujarati",
      "punjabi",
      "urdu",
      "tamil",
      "telugu",
      "malayalam",
      "kannada"
    ]
  },
  "2": {
    "matrix_hard": [
      [
        0.0,
        0.13866146638908233,
        0.1568755996135277,
        0.11058327556237253,
        0.16319817345157445,
        0.17971117328607447,
        0.2063676805888591,
        0.1098455253288562,
        0.11931030523517168,
        0.16812922261209517,
        0.13470300244706773
      ],
      [
        0.13866146638908233,
        0.0,
        0.008841691347614276,
        0.07309691828018614,
        0.07393479528924236,
        0.13851872149312486,
        0.06155029995531433,
        0.10626672032246606,
        0.09265338850586469,
        0.13293961006084704,
        0.11854156111066873
      ],
      [
        0.1568755996135277,
        0.008841691347614276,
        0.0,
        0.07027319685748956,
        0.05908413040461212,
        0.13428162313940803,
        0.0581726694547488,
        0.10246438755326917,
        0.08345267032777583,
        0.11601962648126636,
        0.11174595333628953
      ],
      [
        0.11058327556237253,
        0.07309691828018614,
        0.07027319685748956,
        0.0,
        0.09078161925474204,
        0.13955770386436597,
        0.1277376563636041,
        0.03401283015738275,
        0.059549800396381254,
        0.09121522358505836,
        0.08450917207908923
      ],
      [
        0.16319817345157445,
        0.07393479528924236,
        0.05908413040461212,
        0.09078161925474204,
        0.0,
        0.07114540166251745,
        0.12795993200950764,
        0.1056236511172587,
        0.061635588352706064,
        0.09363060489578634,
        0.0822993495854131
      ],
      [
        0.17971117328607447,
        0.13851872149312486,
        0.13428162313940803,
        0.13955770386436597,
        0.07114540166251745,
        0.0,
        0.17282010204014958,
        0.1279691428368794,
        0.11228338465394927,
        0.09766385002627877,
        0.12455793488196161
      ],
      [
        0.2063676805888591,
        0.06155029995531433,
        0.0581726694547488,
        0.1277376563636041,
        0.12795993200950764,
        0.17282010204014958,
        0.0,
        0.1644770228086466,
        0.13669933397789957,
        0.1502250430271703,
        0.16089181388303783
      ],
      [
        0.1098455253288562,
        0.10626672032246606,
        0.10246438755326917,
        0.03401283015738275,
        0.1056236511172587,
        0.1279691428368794,
        0.1644770228086466,
        0.0,
        0.06931936656311029,
        0.0899682153718909,
        0.08836807873169299
      ],
      [
        0.11931030523517168,
        0.09265338850586469,
        0.08345267032777583,
        0.059549800396381254,
        0.061635588352706064,
        0.11228338465394927,
        0.13669933397789957,
        0.06931936656311029,
        0.0,
        0.0677196434063853,
        0.04744951537822096
      ],
      [
        0.16812922261209517,
        0.13293961006084704,
        0.11601962648126636,
        0.09121522358505836,
        0.09363060489578634,
        0.09766385002627877,
        0.1502250430271703,
        0.0899682153718909,
        0.0677196434063853,
        0.0,
        0.07847218805249474
      ],
      [
        0.13470300244706773,
        0.11854156111066873,
        0.11174595333628953,
        0.08450917207908923,
        0.0822993495854131,
        0.12455793488196161,
        0.16089181388303783,
        0.08836807873169299,
        0.04744951537822096,
        0.07847218805249474,
        0.0
      ]
    ],
    "matrix_soft": [
      [
        0.0,
        0.040696722251498445,
        0.05084208094059447,
        0.03158454665023181,
        0.03634328510177436,
        0.04593842560786864,
        0.06882180832010674,
        0.0314624631531795,
        0.03934793218873334,
        0.04039551613634359,
        0.03982282734511504
      ],
      [
        0.040696722251498445,
        0.0,
        0.00309554462059058,
        0.012883043019024293,
        0.012985490934360132,
        0.019593601826293185,
        0.015423026573713458,
        0.016602421787065443,
        0.01766586441614548,
        0.018242090944246864,
        0.020521395826734106
      ],
      [
        0.05084208094059447,
        0.00309554462059058,
        0.0,
        0.01522652430257256,
        0.012746327560504039,
        0.022429566179502782,
        0.01217196462565849,
        0.018977250939576838,
        0.01725467002130603,
        0.01711791962880982,
        0.020677080434198747
      ],
      [
        0.03158454665023181,
        0.012883043019024293,
        0.01522652430257256,
        0.0,
        0.006859115540023945,
        0.018356687821528803,
        0.028731865045912568,
        0.007725318253624619,
        0.006956975683786572,
        0.006641591748851218,
        0.009156312664465987
      ],
      [
        0.03634328510177436,
        0.012985490934360132,
        0.012746327560504039,
        0.006859115540023945,
        0.0,
        0.009689631536598785,
        0.030712261393971325,
        0.011161410692562147,
        0.007423915298951397,
        0.006932830931942784,
        0.009324301421346843
      ],
      [
        0.04593842560786864,
        0.019593601826293185,
        0.022429566179502782,
        0.018356687821528803,
        0.009689631536598785,
        0.0,
        0.03923840611242293,
        0.02003624083033688,
        0.01740111056128679,
        0.015377256347138131,
        0.015949036854991813
      ],
      [
        0.06882180832010674,
        0.015423026573713458,
        0.01217196462565849,
        0.028731865045912568,
        0.030712261393971325,
        0.03923840611242293,
        0.0,
        0.03664961576247915,
        0.03526677850930106,
        0.032947748321693435,
        0.036288656425065145
      ],
      [
        0.0314624631531795,
        0.016602421787065443,
        0.018977250939576838,
        0.007725318253624619,
        0.011161410692562147,
        0.02003624083033688,
        0.03664961576247915,
        0.0,
        0.006048108508434553,
        0.00781674114051003,
        0.007136692179480367
      ],
      [
        0.03934793218873334,
        0.01766586441614548,
        0.01725467002130603,
        0.006956975683786572,
        0.007423915298951397,
        0.01740111056128679,
        0.03526677850930106,
        0.006048108508434553,
        0.0,
        0.005323889229747649,
        0.004567669421373742
      ],
      [
        0.04039551613634359,
        0.018242090944246864,
        0.01711791962880982,
        0.006641591748851218,
        0.006932830931942784,
        0.015377256347138131,
        0.032947748321693435,
        0.00781674114051003,
        0.005323889229747649,
        0.0,
        0.006675213013480437
      ],
      [
        0.03982282734511504,
        0.020521395826734106,
        0.020677080434198747,
        0.009156312664465987,
        0.009324301421346843,
        0.015949036854991813,
        0.036288656425065145,
        0.007136692179480367,
        0.004567669421373742,
        0.006675213013480437,
        0.0
      ]
    ],
    "lang_order": [
      "english",
      "hindi",
      "marathi",
      "bengali",
      "gujarati",
      "punjabi",
      "urdu",
      "tamil",
      "telugu",
      "malayalam",
      "kannada"
    ]
  },
  "3": {
    "matrix_hard": [
      [
        0.0,
        0.10889837981710804,
        0.14319821841919333,
        0.12834751255809698,
        0.14099295796372194,
        0.15952494336310144,
        0.16141936790647748,
        0.11938865906789546,
        0.11645940241197972,
        0.1232527111441955,
        0.1064745432672393
      ],
      [
        0.10889837981710804,
        0.0,
        0.012535636883721172,
        0.041096374387474176,
        0.0541902007457561,
        0.09272109847006582,
        0.0464362357609487,
        0.049631144225966796,
        0.044685969825777216,
        0.06075394053171334,
        0.05198739942061857
      ],
      [
        0.14319821841919333,
        0.012535636883721172,
        0.0,
        0.04223443158667397,
        0.045191581006150415,
        0.09258265781686587,
        0.05709537518876201,
        0.05465234898001511,
        0.04407388900849882,
        0.060209861655565015,
        0.06033890340259938
      ],
      [
        0.12834751255809698,
        0.041096374387474176,
        0.04223443158667397,
        0.0,
        0.04165654372261265,
        0.06812079065136165,
        0.05946626605696446,
        0.0517886724641078,
        0.03970564628481949,
        0.036020126299695754,
        0.03903988860080989
      ],
      [
        0.14099295796372194,
        0.0541902007457561,
        0.045191581006150415,
        0.04165654372261265,
        0.0,
        0.052474467227861046,
        0.08662991147818279,
        0.050365389946609614,
        0.02688814399228672,
        0.03517673685999813,
        0.03727581133881502
      ],
      [
        0.15952494336310144,
        0.09272109847006582,
        0.09258265781686587,
        0.06812079065136165,
        0.052474467227861046,
        0.0,
        0.1290280035506966,
        0.07432237908182386,
        0.06590234600407734,
        0.052306242233559515,
        0.07922606437827613
      ],
      [
        0.16141936790647748,
        0.0464362357609487,
        0.05709537518876201,
        0.05946626605696446,
        0.08662991147818279,
        0.1290280035506966,
        0.0,
        0.0943419237934269,
        0.08295809244764997,
        0.09322365974802141,
        0.07788463191028147
      ],
      [
        0.11938865906789546,
        0.049631144225966796,
        0.05465234898001511,
        0.0517886724641078,
        0.050365389946609614,
        0.07432237908182386,
        0.0943419237934269,
        0.0,
        0.027762709366005462,
        0.030940386978749217,
        0.03732680743080286
      ],
      [
        0.11645940241197972,
        0.044685969825777216,
        0.04407388900849882,
        0.03970564628481949,
        0.02688814399228672,
        0.06590234600407734,
        0.08295809244764997,
        0.027762709366005462,
        0.0,
        0.02974173362015315,
        0.028155156051740047
      ],
      [
        0.1232527111441955,
        0.06075394053171334,
        0.060209861655565015,
        0.036020126299695754,
        0.03517673685999813,
        0.052306242233559515,
        0.09322365974802141,
        0.030940386978749217,
        0.02974173362015315,
        0.0,
        0.025912465740500185
      ],
      [
        0.1064745432672393,
        0.05198739942061857,
        0.06033890340259938,
        0.03903988860080989,
        0.03727581133881502,
        0.07922606437827613,
        0.07788463191028147,
        0.03732680743080286,
        0.028155156051740047,
        0.025912465740500185,
        0.0
      ]
    ],
    "matrix_soft": [
      [
        0.0,
        0.05011901213178884,
        0.06209132639762696,
        0.05487427868356709,
        0.04951685787545542,
        0.04151075913369482,
        0.06588107159854573,
        0.0443223960034941,
        0.040701185738734116,
        0.04398745441648094,
        0.04133974925970097
      ],
      [
        0.05011901213178884,
        0.0,
        0.004850196944211154,
        0.008136609388705186,
        0.011374040368064813,
        0.016505956986919392,
        0.016294990706118034,
        0.015878620708379174,
        0.011233435145683245,
        0.021227901900092983,
        0.016682116935137922
      ],
      [
        0.06209132639762696,
        0.004850196944211154,
        0.0,
        0.009142533226372833,
        0.010463175909818202,
        0.01900344470347192,
        0.02054077746531767,
        0.016446625659600634,
        0.012760064674741707,
        0.020970083783076115,
        0.018530270717213318
      ],
      [
        0.05487427868356709,
        0.008136609388705186,
        0.009142533226372833,
        0.0,
        0.0071582659250552004,
        0.012222097568385,
        0.020229599043641692,
        0.011657903107771718,
        0.009661423694628366,
        0.011940646616633554,
        0.011394546611951285
      ],
      [
        0.04951685787545542,
        0.011374040368064813,
        0.010463175909818202,
        0.0071582659250552004,
        0.0,
        0.006553935013296808,
        0.02858285551508454,
        0.010219715656919457,
        0.007462336626238485,
        0.00880184029766422,
        0.008194808720841499
      ],
      [
        0.04151075913369482,
        0.016505956986919392,
        0.01900344470347192,
        0.012222097568385,
        0.006553935013296808,
        0.0,
        0.03647060869522016,
        0.01302200768815036,
        0.010336282272999566,
        0.012060273986453237,
        0.014618614001893087
      ],
      [
        0.06588107159854573,
        0.016294990706118034,
        0.02054077746531767,
        0.020229599043641692,
        0.02858285551508454,
        0.03647060869522016,
        0.0,
        0.03512895322523695,
        0.0289977959070381,
        0.037996522077771516,
        0.029697781419423253
      ],
      [
        0.0443223960034941,
        0.015878620708379174,
        0.016446625659600634,
        0.011657903107771718,
        0.010219715656919457,
        0.01302200768815036,
        0.03512895322523695,
        0.0,
        0.004207468890225952,
        0.004234368723519694,
        0.008533660225932866
      ],
      [
        0.040701185738734116,
        0.011233435145683245,
        0.012760064674741707,
        0.009661423694628366,
        0.007462336626238485,
        0.010336282272999566,
        0.0289977959070381,
        0.004207468890225952,
        0.0,
        0.007673552819329373,
        0.006620417056770963
      ],
      [
        0.04398745441648094,
        0.021227901900092983,
        0.020970083783076115,
        0.011940646616633554,
        0.00880184029766422,
        0.012060273986453237,
        0.037996522077771516,
        0.004234368723519694,
        0.007673552819329373,
        0.0,
        0.006812170322603467
      ],
      [
        0.04133974925970097,
        0.016682116935137922,
        0.018530270717213318,
        0.011394546611951285,
        0.008194808720841499,
        0.014618614001893087,
        0.029697781419423253,
        0.008533660225932866,
        0.006620417056770963,
        0.006812170322603467,
        0.0
      ]
    ],
    "lang_order": [
      "english",
      "hindi",
      "marathi",
      "bengali",
      "gujarati",
      "punjabi",
      "urdu",
      "tamil",
      "telugu",
      "malayalam",
      "kannada"
    ]
  },
  "4": {
    "matrix_hard": [
      [
        0.0,
        0.1110337938905025,
        0.14666112204303344,
        0.11527243865737156,
        0.1051295023134099,
        0.11725036428706223,
        0.17272414749681847,
        0.11742676608599664,
        0.09573754397998029,
        0.10535909928731359,
        0.10351546311150209
      ],
      [
        0.1110337938905025,
        0.0,
        0.013593867507140272,
        0.027257042846986185,
        0.03065404637391141,
        0.0646077126753912,
        0.025989088771769656,
        0.045836700545036455,
        0.04495079908816657,
        0.06363708173168273,
        0.052199220333125594
      ],
      [
        0.14666112204303344,
        0.013593867507140272,
        0.0,
        0.02669651569970992,
        0.0327778542828352,
        0.06958812933309866,
        0.028764192453608686,
        0.045558037173688976,
        0.04927879943794651,
        0.06688810042860428,
        0.05591234496579236
      ],
      [
        0.11527243865737156,
        0.027257042846986185,
        0.02669651569970992,
        0.0,
        0.014619103138480773,
        0.04192736369751364,
        0.05560821516666145,
        0.01806373018269867,
        0.020415162507800316,
        0.031954918779012166,
        0.024383520957773172
      ],
      [
        0.1051295023134099,
        0.03065404637391141,
        0.0327778542828352,
        0.014619103138480773,
        0.0,
        0.03398483410639829,
        0.06900663754387783,
        0.02701886098583026,
        0.01942211374394854,
        0.024721188249542624,
        0.02133118930643116
      ],
      [
        0.11725036428706223,
        0.0646077126753912,
        0.06958812933309866,
        0.04192736369751364,
        0.03398483410639829,
        0.0,
        0.10396762520401479,
        0.048877180280978094,
        0.03676563488079764,
        0.036390352821010524,
        0.03769279039393298
      ],
      [
        0.17272414749681847,
        0.025989088771769656,
        0.028764192453608686,
        0.05560821516666145,
        0.06900663754387783,
        0.10396762520401479,
        0.0,
        0.08314938749470688,
        0.08384146167243398,
        0.10471969622339024,
        0.08931369751358086
      ],
      [
        0.11742676608599664,
        0.045836700545036455,
        0.045558037173688976,
        0.01806373018269867,
        0.02701886098583026,
        0.048877180280978094,
        0.08314938749470688,
        0.0,
        0.023780510927460394,
        0.02268276456605047,
        0.025871538733789678
      ],
      [
        0.09573754397998029,
        0.04495079908816657,
        0.04927879943794651,
        0.020415162507800316,
        0.01942211374394854,
        0.03676563488079764,
        0.08384146167243398,
        0.023780510927460394,
        0.0,
        0.018545255468183156,
        0.012744163666334601
      ],
      [
        0.10535909928731359,
        0.06363708173168273,
        0.06688810042860428,
        0.031954918779012166,
        0.024721188249542624,
        0.036390352821010524,
        0.10471969622339024,
        0.02268276456605047,
        0.018545255468183156,
        0.0,
        0.022056530809317045
      ],
      [
        0.10351546311150209,
        0.052199220333125594,
        0.05591234496579236,
        0.024383520957773172,
        0.02133118930643116,
        0.03769279039393298,
        0.08931369751358086,
        0.025871538733789678,
        0.012744163666334601,
        0.022056530809317045,
        0.0
      ]
    ],
    "matrix_soft": [
      [
        0.0,
        0.055306841922776254,
        0.06048929725592421,
        0.053456104370094536,
        0.04313662937037343,
        0.04516713178886949,
        0.06557114811277528,
        0.053254465460873576,
        0.049954284999009294,
        0.051065658386716124,
        0.04866610807175766
      ],
      [
        0.055306841922776254,
        0.0,
        0.004699726904465256,
        0.00883513707940138,
        0.009471919639401678,
        0.01475761360499511,
        0.007391747153360523,
        0.018443449038045717,
        0.016736753673533895,
        0.022885535182602806,
        0.018231109583266382
      ],
      [
        0.06048929725592421,
        0.004699726904465256,
        0.0,
        0.01072542123648033,
        0.01169268659890872,
        0.020762621648786093,
        0.00853020579315655,
        0.018850916246373504,
        0.018048343082748688,
        0.023784819027819832,
        0.020283163577698698
      ],
      [
        0.053456104370094536,
        0.00883513707940138,
        0.01072542123648033,
        0.0,
        0.003449812757994447,
        0.00959484759814202,
        0.0186997367781928,
        0.006814781637306215,
        0.004635058404608306,
        0.008378239638709593,
        0.005825470248820348
      ],
      [
        0.04313662937037343,
        0.009471919639401678,
        0.01169268659890872,
        0.003449812757994447,
        0.0,
        0.00671229274172935,
        0.02061071797241152,
        0.00832833107959788,
        0.005827317718702661,
        0.0077029726015425916,
        0.0069260376172337055
      ],
      [
        0.04516713178886949,
        0.01475761360499511,
        0.020762621648786093,
        0.00959484759814202,
        0.00671229274172935,
        0.0,
        0.02566526927066702,
        0.012745884167732282,
        0.011392923525683765,
        0.012040174857748106,
        0.011431924622610288
      ],
      [
        0.06557114811277528,
        0.007391747153360523,
        0.00853020579315655,
        0.0186997367781928,
        0.02061071797241152,
        0.02566526927066702,
        0.0,
        0.02871408096492178,
        0.028510630863408923,
        0.0327771522809532,
        0.03024673391760382
      ],
      [
        0.053254465460873576,
        0.018443449038045717,
        0.018850916246373504,
        0.006814781637306215,
        0.00832833107959788,
        0.012745884167732282,
        0.02871408096492178,
        0.0,
        0.004923715496611627,
        0.0037892094346529057,
        0.006423719289726155
      ],
      [
        0.049954284999009294,
        0.016736753673533895,
        0.018048343082748688,
        0.004635058404608306,
        0.005827317718702661,
        0.011392923525683765,
        0.028510630863408923,
        0.004923715496611627,
        0.0,
        0.005092801314698965,
        0.0042583545929536
      ],
      [
        0.051065658386716124,
        0.022885535182602806,
        0.023784819027819832,
        0.008378239638709593,
        0.0077029726015425916,
        0.012040174857748106,
        0.0327771522809532,
        0.0037892094346529057,
        0.005092801314698965,
        0.0,
        0.007097124077251782
      ],
      [
        0.04866610807175766,
        0.018231109583266382,
        0.020283163577698698,
        0.005825470248820348,
        0.0069260376172337055,
        0.011431924622610288,
        0.03024673391760382,
        0.006423719289726155,
        0.0042583545929536,
        0.007097124077251782,
        0.0
      ]
    ],
    "lang_order": [
      "english",
      "hindi",
      "marathi",
      "bengali",
      "gujarati",
      "punjabi",
      "urdu",
      "tamil",
      "telugu",
      "malayalam",
      "kannada"
    ]
  },
  "5": {
    "matrix_hard": [
      [
        0.0,
        0.08746771162470673,
        0.14212412619434175,
        0.11889778612316615,
        0.09884899421079228,
        0.11575594507692688,
        0.1424042703809325,
        0.12259772109729634,
        0.0931673981806824,
        0.10172968171980468,
        0.09742277605120102
      ],
      [
        0.08746771162470673,
        0.0,
        0.017561975902186285,
        0.025612528887392665,
        0.027911798168683912,
        0.05451074272686223,
        0.02798603657212731,
        0.035954828562723654,
        0.03296065687567696,
        0.04574034771893857,
        0.036826612519532495
      ],
      [
        0.14212412619434175,
        0.017561975902186285,
        0.0,
        0.030188428304686935,
        0.038104841690701094,
        0.0650236377867972,
        0.030511092254654395,
        0.044468275890220975,
        0.044846752860205404,
        0.05654890582966394,
        0.04462932521727675
      ],
      [
        0.11889778612316615,
        0.025612528887392665,
        0.030188428304686935,
        0.0,
        0.018807756500464973,
        0.04596315951900661,
        0.047093737820693427,
        0.016003959708730565,
        0.02530171617276656,
        0.026173564241126743,
        0.023198132466433225
      ],
      [
        0.09884899421079228,
        0.027911798168683912,
        0.038104841690701094,
        0.018807756500464973,
        0.0,
        0.025442508011070907,
        0.05056739069576323,
        0.031684489355156345,
        0.018912050392447328,
        0.01876307655297206,
        0.014600648396063069
      ],
      [
        0.11575594507692688,
        0.05451074272686223,
        0.0650236377867972,
        0.04596315951900661,
        0.025442508011070907,
        0.0,
        0.06245900571858705,
        0.04916989120549849,
        0.0396700866379203,
        0.03441306697589528,
        0.02956390861089163
      ],
      [
        0.1424042703809325,
        0.02798603657212731,
        0.030511092254654395,
        0.047093737820693427,
        0.05056739069576323,
        0.06245900571858705,
        0.0,
        0.06759265524718576,
        0.06381167070920107,
        0.07534945075131719,
        0.060488287093652074
      ],
      [
        0.12259772109729634,
        0.035954828562723654,
        0.044468275890220975,
        0.016003959708730565,
        0.031684489355156345,
        0.04916989120549849,
        0.06759265524718576,
        0.0,
        0.030419072200532086,
        0.02567177977807888,
        0.02579015399867246
      ],
      [
        0.0931673981806824,
        0.03296065687567696,
        0.044846752860205404,
        0.02530171617276656,
        0.018912050392447328,
        0.0396700866379203,
        0.06381167070920107,
        0.030419072200532086,
        0.0,
        0.01892974300243362,
        0.012051670847137638
      ],
      [
        0.10172968171980468,
        0.04574034771893857,
        0.05654890582966394,
        0.026173564241126743,
        0.01876307655297206,
        0.03441306697589528,
        0.07534945075131719,
        0.02567177977807888,
        0.01892974300243362,
        0.0,
        0.011313146980306778
      ],
      [
        0.09742277605120102,
        0.036826612519532495,
        0.04462932521727675,
        0.023198132466433225,
        0.014600648396063069,
        0.02956390861089163,
        0.060488287093652074,
        0.02579015399867246,
        0.012051670847137638,
        0.011313146980306778,
        0.0
      ]
    ],
    "matrix_soft": [
      [
        0.0,
        0.02942091891105225,
        0.043901288421169755,
        0.03600422399282726,
        0.027154098894126084,
        0.024972799937570362,
        0.05080362132029527,
        0.03187185441741382,
        0.02437418476172424,
        0.02641927077156769,
        0.02705410173156503
      ],
      [
        0.02942091891105225,
        0.0,
        0.004877748094614316,
        0.0050325590167764256,
        0.0046971112230155135,
        0.008494554998885706,
        0.010517070301225106,
        0.005706438100206385,
        0.006102413374058943,
        0.0071881801573896505,
        0.005961563613845682
      ],
      [
        0.043901288421169755,
        0.004877748094614316,
        0.0,
        0.0076764758525868105,
        0.007999335658376856,
        0.01388777372705158,
        0.010622208804516827,
        0.01045819916185886,
        0.012344679546401926,
        0.011896757450302041,
        0.010361035682193672
      ],
      [
        0.03600422399282726,
        0.0050325590167764256,
        0.0076764758525868105,
        0.0,
        0.0032561240155325084,
        0.00775531646186281,
        0.014214438648991969,
        0.0034118999887804173,
        0.005407448613006697,
        0.0033659631540120688,
        0.0031871643469943613
      ],
      [
        0.027154098894126084,
        0.0046971112230155135,
        0.007999335658376856,
        0.0032561240155325084,
        0.0,
        0.004550011640142187,
        0.01345297202615228,
        0.005757793732091372,
        0.00439995576955354,
        0.0031640642553931206,
        0.002935538949023014
      ],
      [
        0.024972799937570362,
        0.008494554998885706,
        0.01388777372705158,
        0.00775531646186281,
        0.004550011640142187,
        0.0,
        0.015232950810534095,
        0.007790856407940718,
        0.007472396939506731,
        0.004973363058614508,
        0.005339890670253805
      ],
      [
        0.05080362132029527,
        0.010517070301225106,
        0.010622208804516827,
        0.014214438648991969,
        0.01345297202615228,
        0.015232950810534095,
        0.0,
        0.0191222484376277,
        0.020889203567050034,
        0.018215985858906138,
        0.01577933566148186
      ],
      [
        0.03187185441741382,
        0.005706438100206385,
        0.01045819916185886,
        0.0034118999887804173,
        0.005757793732091372,
        0.007790856407940718,
        0.0191222484376277,
        0.0,
        0.004965217060047958,
        0.003501164359036054,
        0.004212559173607152
      ],
      [
        0.02437418476172424,
        0.006102413374058943,
        0.012344679546401926,
        0.005407448613006697,
        0.00439995576955354,
        0.007472396939506731,
        0.020889203567050034,
        0.004965217060047958,
        0.0,
        0.004223537175551486,
        0.003688270062451881
      ],
      [
        0.02641927077156769,
        0.0071881801573896505,
        0.011896757450302041,
        0.0033659631540120688,
        0.0031640642553931206,
        0.004973363058614508,
        0.018215985858906138,
        0.003501164359036054,
        0.004223537175551486,
        0.0,
        0.0025251077271967607
      ],
      [
        0.02705410173156503,
        0.005961563613845682,
        0.010361035682193672,
        0.0031871643469943613,
        0.002935538949023014,
        0.005339890670253805,
        0.01577933566148186,
        0.004212559173607152,
        0.003688270062451881,
        0.0025251077271967607,
        0.0
      ]
    ],
    "lang_order": [
      "english",
      "hindi",
      "marathi",
      "bengali",
      "gujarati",
      "punjabi",
      "urdu",
      "tamil",
      "telugu",
      "malayalam",
      "kannada"
    ]
  },
  "6": {
    "matrix_hard": [
      [
        0.0,
        0.1432563651346696,
        0.23469180714264812,
        0.19166772556522663,
        0.18257649814101468,
        0.22413474987090626,
        0.19890037520981568,
        0.196579387767083,
        0.1800243446200897,
        0.17877574147096723,
        0.17092680979975822
      ],
      [
        0.1432563651346696,
        0.0,
        0.02550004563086274,
        0.021774898666126488,
        0.027148332214036598,
        0.05666586550061985,
        0.016947982320103177,
        0.02713933580118097,
        0.03207504526409942,
        0.03848082633281517,
        0.03398144649183746
      ],
      [
        0.23469180714264812,
        0.02550004563086274,
        0.0,
        0.022707459526877208,
        0.03127009461481254,
        0.049847284757383654,
        0.021911931635616395,
        0.028807990128827662,
        0.03990005307537433,
        0.04574099819456257,
        0.04167721243757613
      ],
      [
        0.19166772556522663,
        0.021774898666126488,
        0.022707459526877208,
        0.0,
        0.017847653678962436,
        0.03544917591019182,
        0.025268195384678706,
        0.020566287188953734,
        0.030401445396028112,
        0.025260820310001902,
        0.02840087831945034
      ],
      [
        0.18257649814101468,
        0.027148332214036598,
        0.03127009461481254,
        0.017847653678962436,
        0.0,
        0.019792465160602225,
        0.0391726598777459,
        0.03428137177671797,
        0.02170545889970005,
        0.02038595903812954,
        0.015056174625038292
      ],
      [
        0.22413474987090626,
        0.05666586550061985,
        0.049847284757383654,
        0.03544917591019182,
        0.019792465160602225,
        0.0,
        0.06182032230718035,
        0.04921264237131303,
        0.0275119135547093,
        0.0331731910846801,
        0.02267592003043064
      ],
      [
        0.19890037520981568,
        0.016947982320103177,
        0.021911931635616395,
        0.025268195384678706,
        0.0391726598777459,
        0.06182032230718035,
        0.0,
        0.039096765979774,
        0.04841825878603598,
        0.05090281033806099,
        0.05192068942599103
      ],
      [
        0.196579387767083,
        0.02713933580118097,
        0.028807990128827662,
        0.020566287188953734,
        0.03428137177671797,
        0.04921264237131303,
        0.039096765979774,
        0.0,
        0.024913736599033558,
        0.024648806202402923,
        0.02434288637782616
      ],
      [
        0.1800243446200897,
        0.03207504526409942,
        0.03990005307537433,
        0.030401445396028112,
        0.02170545889970005,
        0.0275119135547093,
        0.04841825878603598,
        0.024913736599033558,
        0.0,
        0.021778433848010637,
        0.00998347290124025
      ],
      [
        0.17877574147096723,
        0.03848082633281517,
        0.04574099819456257,
        0.025260820310001902,
        0.02038595903812954,
