{
  "0": {
    "matrix_hard": [
      [
        0.0,
        0.08513906183670396,
        0.09411941304820116,
        0.1347705741726498,
        0.18261537374651912,
        0.22191688758728043,
        0.1538054310811361,
        0.16578553324802628,
        0.17895040453038674,
        0.1776672028976418,
        0.19580023066599506
      ],
      [
        0.08513906183670396,
        0.0,
        0.008513230657355538,
        0.05292748778703396,
        0.09054259381534542,
        0.11790838659177494,
        0.10837339031403391,
        0.07694107570744739,
        0.09485218685640671,
        0.08032884385709743,
        0.10749058869793655
      ],
      [
        0.09411941304820116,
        0.008513230657355538,
        0.0,
        0.05115669936842117,
        0.09436668416959174,
        0.11589014126823546,
        0.10464640040722246,
        0.07262728511852469,
        0.09312528019200945,
        0.08534990112796703,
        0.10398701169564176
      ],
      [
        0.1347705741726498,
        0.05292748778703396,
        0.05115669936842117,
        0.0,
        0.11030179559455082,
        0.11801975484806948,
        0.1327334421939371,
        0.07492452252305026,
        0.09776822458706447,
        0.1058327447942403,
        0.11702216731747907
      ],
      [
        0.18261537374651912,
        0.09054259381534542,
        0.09436668416959174,
        0.11030179559455082,
        0.0,
        0.08897182497629066,
        0.17639858127194305,
        0.09127236614630423,
        0.07062387553453177,
        0.11735940068264858,
        0.07657737388371046
      ],
      [
        0.22191688758728043,
        0.11790838659177494,
        0.11589014126823546,
        0.11801975484806948,
        0.08897182497629066,
        0.0,
        0.1295325842428305,
        0.08306569195890467,
        0.12094381049405697,
        0.0905282281709508,
        0.10241343559216601
      ],
      [
        0.1538054310811361,
        0.10837339031403391,
        0.10464640040722246,
        0.1327334421939371,
        0.17639858127194305,
        0.1295325842428305,
        0.0,
        0.12218667140992368,
        0.16083191908993383,
        0.1469575134728036,
        0.1335115281945661
      ],
      [
        0.16578553324802628,
        0.07694107570744739,
        0.07262728511852469,
        0.07492452252305026,
        0.09127236614630423,
        0.08306569195890467,
        0.12218667140992368,
        0.0,
        0.09398694418491374,
        0.07073896042119618,
        0.10165886062155106
      ],
      [
        0.17895040453038674,
        0.09485218685640671,
        0.09312528019200945,
        0.09776822458706447,
        0.07062387553453177,
        0.12094381049405697,
        0.16083191908993383,
        0.09398694418491374,
        0.0,
        0.12823954183430308,
        0.054966387565890146
      ],
      [
        0.1776672028976418,
        0.08032884385709743,
        0.08534990112796703,
        0.1058327447942403,
        0.11735940068264858,
        0.0905282281709508,
        0.1469575134728036,
        0.07073896042119618,
        0.12823954183430308,
        0.0,
        0.1228993308056292
      ],
      [
        0.19580023066599506,
        0.10749058869793655,
        0.10398701169564176,
        0.11702216731747907,
        0.07657737388371046,
        0.10241343559216601,
        0.1335115281945661,
        0.10165886062155106,
        0.054966387565890146,
        0.1228993308056292,
        0.0
      ]
    ],
    "matrix_soft": [
      [
        0.0,
        0.01639609366337955,
        0.01754304730559808,
        0.032994291126583176,
        0.03348313031382935,
        0.048564923154014096,
        0.02911502626866139,
        0.04759228064651732,
        0.03805838477473265,
        0.039369419271175515,
        0.03724794609205978
      ],
      [
        0.01639609366337955,
        0.0,
        0.0017018187158297368,
        0.010193476210132741,
        0.01681516029533936,
        0.02157980124520411,
        0.019820704916757522,
        0.025565339288828978,
        0.01520649504181934,
        0.019352894639422708,
        0.0201902553250279
      ],
      [
        0.01754304730559808,
        0.0017018187158297368,
        0.0,
        0.010189770521452432,
        0.016326506526888645,
        0.021623228208161427,
        0.02000428833486681,
        0.02420024849543679,
        0.01408092368011511,
        0.02021674199687524,
        0.0194191845460291
      ],
      [
        0.032994291126583176,
        0.010193476210132741,
        0.010189770521452432,
        0.0,
        0.016285047959115027,
        0.01491036644570832,
        0.025437889395623955,
        0.020710368482441916,
        0.01629542603720303,
        0.017001671449356697,
        0.020052666517108738
      ],
      [
        0.03348313031382935,
        0.01681516029533936,
        0.016326506526888645,
        0.016285047959115027,
        0.0,
        0.013257046165614668,
        0.03983686005453388,
        0.03454268317904808,
        0.009528812978283003,
        0.021362051054994894,
        0.01095307453706598
      ],
      [
        0.048564923154014096,
        0.02157980124520411,
        0.021623228208161427,
        0.01491036644570832,
        0.013257046165614668,
        0.0,
        0.03813650251942924,
        0.031246372326828222,
        0.016479654390253055,
        0.014527516941514192,
        0.018808146310887057
      ],
      [
        0.02911502626866139,
        0.019820704916757522,
        0.02000428833486681,
        0.025437889395623955,
        0.03983686005453388,
        0.03813650251942924,
        0.0,
        0.03456589546245672,
        0.03847856526307969,
        0.03186012466317919,
        0.034872661454246494
      ],
      [
        0.04759228064651732,
        0.025565339288828978,
        0.02420024849543679,
        0.020710368482441916,
        0.03454268317904808,
        0.031246372326828222,
        0.03456589546245672,
        0.0,
        0.028763501791984565,
        0.02354018445588317,
        0.03256195898906111
      ],
      [
        0.03805838477473265,
        0.01520649504181934,
        0.01408092368011511,
        0.01629542603720303,
        0.009528812978283003,
        0.016479654390253055,
        0.03847856526307969,
        0.028763501791984565,
        0.0,
        0.017000600588632182,
        0.007720569920123454
      ],
      [
        0.039369419271175515,
        0.019352894639422708,
        0.02021674199687524,
        0.017001671449356697,
        0.021362051054994894,
        0.014527516941514192,
        0.03186012466317919,
        0.02354018445588317,
        0.017000600588632182,
        0.0,
        0.017695900917395785
      ],
      [
        0.03724794609205978,
        0.0201902553250279,
        0.0194191845460291,
        0.020052666517108738,
        0.01095307453706598,
        0.018808146310887057,
        0.034872661454246494,
        0.03256195898906111,
        0.007720569920123454,
        0.017695900917395785,
        0.0
      ]
    ],
    "lang_order": [
      "english",
      "hindi",
      "marathi",
      "bengali",
      "gujarati",
      "punjabi",
      "urdu",
      "tamil",
      "telugu",
      "malayalam",
      "kannada"
    ]
  },
  "1": {
    "matrix_hard": [
      [
        0.0,
        0.11156497863271046,
        0.12182768700986384,
        0.12245888864124196,
        0.13212328370186657,
        0.16083509352278647,
        0.16129522651911105,
        0.132277962558767,
        0.11920763479607002,
        0.11004715165394315,
        0.1426568430670216
      ],
      [
        0.11156497863271046,
        0.0,
        0.011790974793942399,
        0.02802345767750762,
        0.0677111171388487,
        0.07262559632664671,
        0.040858781151543844,
        0.03974069215045295,
        0.07775153149348689,
        0.06388081328161414,
        0.0772825754967347
      ],
      [
        0.12182768700986384,
        0.011790974793942399,
        0.0,
        0.023855924690342294,
        0.06865053363815193,
        0.07446558420427027,
        0.05611312494026023,
        0.034765758013463946,
        0.08147004664917203,
        0.05828769036348098,
        0.08230895224468339
      ],
      [
        0.12245888864124196,
        0.02802345767750762,
        0.023855924690342294,
        0.0,
        0.05974509716503002,
        0.06866746351901519,
        0.07699121301215292,
        0.03607942061470474,
        0.06738788581632746,
        0.0511194699993313,
        0.08376243290156303
      ],
      [
        0.13212328370186657,
        0.0677111171388487,
        0.06865053363815193,
        0.05974509716503002,
        0.0,
        0.07248737699689421,
        0.11346338265670068,
        0.06972071752422124,
        0.07297773503683919,
        0.06257761834382855,
        0.06181367094214489
      ],
      [
        0.16083509352278647,
        0.07262559632664671,
        0.07446558420427027,
        0.06866746351901519,
        0.07248737699689421,
        0.0,
        0.12074009201905089,
        0.07436509422212367,
        0.08059355816883232,
        0.08704086466164718,
        0.09257110769015213
      ],
      [
        0.16129522651911105,
        0.040858781151543844,
        0.05611312494026023,
        0.07699121301215292,
        0.11346338265670068,
        0.12074009201905089,
        0.0,
        0.07608724193946896,
        0.1081789527556259,
        0.11452265125043558,
        0.10048068928439528
      ],
      [
        0.132277962558767,
        0.03974069215045295,
        0.034765758013463946,
        0.03607942061470474,
        0.06972071752422124,
        0.07436509422212367,
        0.07608724193946896,
        0.0,
        0.054022485983323335,
        0.04219949534742493,
        0.06883972386552452
      ],
      [
        0.11920763479607002,
        0.07775153149348689,
        0.08147004664917203,
        0.06738788581632746,
        0.07297773503683919,
        0.08059355816883232,
        0.1081789527556259,
        0.054022485983323335,
        0.0,
        0.05988500517897673,
        0.05925691783146484
      ],
      [
        0.11004715165394315,
        0.06388081328161414,
        0.05828769036348098,
        0.0511194699993313,
        0.06257761834382855,
        0.08704086466164718,
        0.11452265125043558,
        0.04219949534742493,
        0.05988500517897673,
        0.0,
        0.05907950588405254
      ],
      [
        0.1426568430670216,
        0.0772825754967347,
        0.08230895224468339,
        0.08376243290156303,
        0.06181367094214489,
        0.09257110769015213,
        0.10048068928439528,
        0.06883972386552452,
        0.05925691783146484,
        0.05907950588405254,
        0.0
      ]
    ],
    "matrix_soft": [
      [
        0.0,
        0.007174608979537777,
        0.007157055328426861,
        0.008472804568009399,
        0.008516286619159574,
        0.011470485013993972,
        0.012123308315223376,
        0.008783892295709333,
        0.008757412341934301,
        0.01006935176271589,
        0.009400685903390209
      ],
      [
        0.007174608979537777,
        0.0,
        0.0009717360715917878,
        0.001612415953284733,
        0.002441869131890006,
        0.004163190075701078,
        0.004776799317112071,
        0.0028161467117338084,
        0.0036668945000098777,
        0.0035716738868536565,
        0.0033419104397587832
      ],
      [
        0.007157055328426861,
        0.0009717360715917878,
        0.0,
        0.00156980809129251,
        0.0024092713655755895,
        0.0035593831735820348,
        0.005967866509276912,
        0.001957341267541925,
        0.0027529595468188594,
        0.0026361440261600615,
        0.002860975400476382
      ],
      [
        0.008472804568009399,
        0.001612415953284733,
        0.00156980809129251,
        0.0,
        0.002507168122832249,
        0.0037825894462091476,
        0.006014579953203063,
        0.002108034683191776,
        0.0028710293315759423,
        0.002674394378507133,
        0.003277037374600318
      ],
      [
        0.008516286619159574,
        0.002441869131890006,
        0.0024092713655755895,
        0.002507168122832249,
        0.0,
        0.0025008932753528687,
        0.009180128230767106,
        0.0025972719162216866,
        0.0018480128705089206,
        0.0018630163413750104,
        0.0023361424613684793
      ],
      [
        0.011470485013993972,
        0.004163190075701078,
        0.0035593831735820348,
        0.0037825894462091476,
        0.0025008932753528687,
        0.0,
        0.009340453682576117,
        0.0034599543599375133,
        0.0033527863270041663,
        0.003572490804445255,
        0.0031035874967473356
      ],
      [
        0.012123308315223376,
        0.004776799317112071,
        0.005967866509276912,
        0.006014579953203063,
        0.009180128230767106,
        0.009340453682576117,
        0.0,
        0.00776051154717188,
        0.010020903712522053,
        0.00933865659823605,
        0.007869604307818986
      ],
      [
        0.008783892295709333,
        0.0028161467117338084,
        0.001957341267541925,
        0.002108034683191776,
        0.0025972719162216866,
        0.0034599543599375133,
        0.00776051154717188,
        0.0,
        0.002039611116823115,
        0.0010347631784342053,
        0.002266840674998489
      ],
      [
        0.008757412341934301,
        0.0036668945000098777,
        0.0027529595468188594,
        0.0028710293315759423,
        0.0018480128705089206,
        0.0033527863270041663,
        0.010020903712522053,
        0.002039611116823115,
        0.0,
        0.0018632067987246965,
        0.0021606318148376788
      ],
      [
        0.01006935176271589,
        0.0035716738868536565,
        0.0026361440261600615,
        0.002674394378507133,
        0.0018630163413750104,
        0.003572490804445255,
        0.00933865659823605,
        0.0010347631784342053,
        0.0018632067987246965,
        0.0,
        0.002070309012291282
      ],
      [
        0.009400685903390209,
        0.0033419104397587832,
        0.002860975400476382,
        0.003277037374600318,
        0.0023361424613684793,
        0.0031035874967473356,
        0.007869604307818986,
        0.002266840674998489,
        0.0021606318148376788,
        0.002070309012291282,
        0.0
      ]
    ],
    "lang_order": [
      "english",
      "hindi",
      "marathi",
      "bengali",
      "gujarati",
      "punjabi",
      "urdu",
      "tamil",
      "telugu",
      "malayalam",
      "kannada"
    ]
  },
  "2": {
    "matrix_hard": [
      [
        0.0,
        0.09691633984602785,
        0.1330673464612155,
        0.10355549911770631,
        0.12303976266846692,
        0.16484221498915647,
        0.15597324938732188,
        0.12387034782658048,
        0.19193707652510314,
        0.13048566582717072,
        0.17411089973111515
      ],
      [
        0.09691633984602785,
        0.0,
        0.016691592700879623,
        0.021901344082659834,
        0.04431257334674501,
        0.07032771571785666,
        0.06282119887063688,
        0.06018493141209738,
        0.1031969134713054,
        0.06270334813771473,
        0.08172520770987687
      ],
      [
        0.1330673464612155,
        0.016691592700879623,
        0.0,
        0.036696221566396806,
        0.053746665312454596,
        0.07935439461684364,
        0.06908226791677931,
        0.0778710467400473,
        0.10697718709801098,
        0.08193514535267878,
        0.08943393379548313
      ],
      [
        0.10355549911770631,
        0.021901344082659834,
        0.036696221566396806,
        0.0,
        0.03779939691235226,
        0.06241333959521052,
        0.06404483070685273,
        0.04495777759277159,
        0.0935578680631914,
        0.03931171759551275,
        0.0780802231607855
      ],
      [
        0.12303976266846692,
        0.04431257334674501,
        0.053746665312454596,
        0.03779939691235226,
        0.0,
        0.06225664715427253,
        0.09852273299849407,
        0.06386930742715233,
        0.09822686887780423,
        0.053581915828431866,
        0.07780295905453245
      ],
      [
        0.16484221498915647,
        0.07032771571785666,
        0.07935439461684364,
        0.06241333959521052,
        0.06225664715427253,
        0.0,
        0.11268915034625081,
        0.04689597958996912,
        0.06656242259302123,
        0.051654825917668144,
        0.04184314618848226
      ],
      [
        0.15597324938732188,
        0.06282119887063688,
        0.06908226791677931,
        0.06404483070685273,
        0.09852273299849407,
        0.11268915034625081,
        0.0,
        0.10029565949911995,
        0.10791432572940104,
        0.10258161177442725,
        0.10669573115848814
      ],
      [
        0.12387034782658048,
        0.06018493141209738,
        0.0778710467400473,
        0.04495777759277159,
        0.06386930742715233,
        0.04689597958996912,
        0.10029565949911995,
        0.0,
        0.07001388475906774,
        0.044241772263652064,
        0.047516648078841005
      ],
      [
        0.19193707652510314,
        0.1031969134713054,
        0.10697718709801098,
        0.0935578680631914,
        0.09822686887780423,
        0.06656242259302123,
        0.10791432572940104,
        0.07001388475906774,
        0.0,
        0.08593973357710026,
        0.0556347613781851
      ],
      [
        0.13048566582717072,
        0.06270334813771473,
        0.08193514535267878,
        0.03931171759551275,
        0.053581915828431866,
        0.051654825917668144,
        0.10258161177442725,
        0.044241772263652064,
        0.08593973357710026,
        0.0,
        0.0795531388315833
      ],
      [
        0.17411089973111515,
        0.08172520770987687,
        0.08943393379548313,
        0.0780802231607855,
        0.07780295905453245,
        0.04184314618848226,
        0.10669573115848814,
        0.047516648078841005,
        0.0556347613781851,
        0.0795531388315833,
        0.0
      ]
    ],
    "matrix_soft": [
      [
        0.0,
        0.010673237938088064,
        0.011869625843513974,
        0.011231367994836743,
        0.01336208188240021,
        0.017135500824017158,
        0.014330337488685521,
        0.014224875846116205,
        0.015323526548502563,
        0.01381476709176032,
        0.015056901038701274
      ],
      [
        0.010673237938088064,
        0.0,
        0.0014207090421510964,
        0.0011981723933804187,
        0.0016961194391946013,
        0.0029465219895215707,
        0.00512915952198293,
        0.0035657179798566857,
        0.0039659914763663555,
        0.002536104539743531,
        0.003825217630370077
      ],
      [
        0.011869625843513974,
        0.0014207090421510964,
        0.0,
        0.0019424268111338002,
        0.0032975627649928416,
        0.003926978958716925,
        0.0055643817742081665,
        0.00430552520169972,
        0.004197505989006048,
        0.0036672948971189175,
        0.004396796596054782
      ],
      [
        0.011231367994836743,
        0.0011981723933804187,
        0.0019424268111338002,
        0.0,
        0.0020506176705747206,
        0.0034508359204056347,
        0.005483706459387219,
        0.0024581394632399423,
        0.003118554354119395,
        0.0018820640917652964,
        0.0035529116545360913
      ],
      [
        0.01336208188240021,
        0.0016961194391946013,
        0.0032975627649928416,
        0.0020506176705747206,
        0.0,
        0.0027427544590925648,
        0.007580143398465049,
        0.0033824331800611025,
        0.0039945644455662436,
        0.002242480776889317,
        0.003976468646020772
      ],
      [
        0.017135500824017158,
        0.0029465219895215707,
        0.003926978958716925,
        0.0034508359204056347,
        0.0027427544590925648,
        0.0,
        0.009217578124799711,
        0.0034708692120022323,
        0.0036513515679381515,
        0.003437590569060279,
        0.0036772178258086406
      ],
      [
        0.014330337488685521,
        0.00512915952198293,
        0.0055643817742081665,
        0.005483706459387219,
        0.007580143398465049,
        0.009217578124799711,
        0.0,
        0.009192261741146924,
        0.007659599383163668,
        0.008177064276477282,
        0.007929458301162623
      ],
      [
        0.014224875846116205,
        0.0035657179798566857,
        0.00430552520169972,
        0.0024581394632399423,
        0.0033824331800611025,
        0.0034708692120022323,
        0.009192261741146924,
        0.0,
        0.0021483992128914463,
        0.0016729439372318003,
        0.0027766039702281538
      ],
      [
        0.015323526548502563,
        0.0039659914763663555,
        0.004197505989006048,
        0.003118554354119395,
        0.0039945644455662436,
        0.0036513515679381515,
        0.007659599383163668,
        0.0021483992128914463,
        0.0,
        0.002021151197759021,
        0.0016703159953001102
      ],
      [
        0.01381476709176032,
        0.002536104539743531,
        0.0036672948971189175,
        0.0018820640917652964,
        0.002242480776889317,
        0.003437590569060279,
        0.008177064276477282,
        0.0016729439372318003,
        0.002021151197759021,
        0.0,
        0.0029437716107222262
      ],
      [
        0.015056901038701274,
        0.003825217630370077,
        0.004396796596054782,
        0.0035529116545360913,
        0.003976468646020772,
        0.0036772178258086406,
        0.007929458301162623,
        0.0027766039702281538,
        0.0016703159953001102,
        0.0029437716107222262,
        0.0
      ]
    ],
    "lang_order": [
      "english",
      "hindi",
      "marathi",
      "bengali",
      "gujarati",
      "punjabi",
      "urdu",
      "tamil",
      "telugu",
      "malayalam",
      "kannada"
    ]
  },
  "3": {
    "matrix_hard": [
      [
        0.0,
        0.10438645682628331,
        0.139863290523746,
        0.1337691309431279,
        0.15788470819077882,
        0.1764565680794178,
        0.1616658592312574,
        0.1517826676619232,
        0.16259470417858418,
        0.1333771288041568,
        0.1642154594063021
      ],
      [
        0.10438645682628331,
        0.0,
        0.015259024621721065,
        0.020449197794818717,
        0.06548325900291856,
        0.06868984031480588,
        0.04794595542469673,
        0.03885834293925534,
        0.07160194673451907,
        0.05611137436887003,
        0.07822530561714892
      ],
      [
        0.139863290523746,
        0.015259024621721065,
        0.0,
        0.02070602639553732,
        0.055091642471842714,
        0.06920740766455934,
        0.05493005143600263,
        0.040931440812911904,
        0.06956671475660839,
        0.06726679329265914,
        0.07237406050165719
      ],
      [
        0.1337691309431279,
        0.020449197794818717,
        0.02070602639553732,
        0.0,
        0.0340588380824803,
        0.05568553355783159,
        0.059518414040617196,
        0.02903893755337825,
        0.06602780963736983,
        0.04440721732670131,
        0.07073543761771488
      ],
      [
        0.15788470819077882,
        0.06548325900291856,
        0.055091642471842714,
        0.0340588380824803,
        0.0,
        0.04948768200481914,
        0.10602574033217707,
        0.05648012405651597,
        0.07664297730360345,
        0.057087408115629526,
        0.07711537076582625
      ],
      [
        0.1764565680794178,
        0.06868984031480588,
        0.06920740766455934,
        0.05568553355783159,
        0.04948768200481914,
        0.0,
        0.09351089098168175,
        0.07379924161166296,
        0.06806551082507785,
        0.04918831039459514,
        0.06629494197629714
      ],
      [
        0.1616658592312574,
        0.04794595542469673,
        0.05493005143600263,
        0.059518414040617196,
        0.10602574033217707,
        0.09351089098168175,
        0.0,
        0.07439874664624534,
        0.11005838868652401,
        0.10069348411713788,
        0.1034187211568401
      ],
      [
        0.1517826676619232,
        0.03885834293925534,
        0.040931440812911904,
        0.02903893755337825,
        0.05648012405651597,
        0.07379924161166296,
        0.07439874664624534,
        0.0,
        0.044300253731340736,
        0.04893420775790243,
        0.061364973135657454
      ],
      [
        0.16259470417858418,
        0.07160194673451907,
        0.06956671475660839,
        0.06602780963736983,
        0.07664297730360345,
        0.06806551082507785,
        0.11005838868652401,
        0.044300253731340736,
        0.0,
        0.06743061854008466,
        0.07183402072216487
      ],
      [
        0.1333771288041568,
        0.05611137436887003,
        0.06726679329265914,
        0.04440721732670131,
        0.057087408115629526,
        0.04918831039459514,
        0.10069348411713788,
        0.04893420775790243,
        0.06743061854008466,
        0.0,
        0.06518273311749045
      ],
      [
        0.1642154594063021,
        0.07822530561714892,
        0.07237406050165719,
        0.07073543761771488,
        0.07711537076582625,
        0.06629494197629714,
        0.1034187211568401,
        0.061364973135657454,
        0.07183402072216487,
        0.06518273311749045,
        0.0
      ]
    ],
    "matrix_soft": [
      [
        0.0,
        0.016556218916634047,
        0.02684271893028112,
        0.017686521144851457,
        0.02043811994612609,
        0.024635192619468827,
        0.02706722615760901,
        0.021804370278797138,
        0.022880905087174105,
        0.017951788260433824,
        0.020484193829569345
      ],
      [
        0.016556218916634047,
        0.0,
        0.0028641906698788403,
        0.0015619973245336956,
        0.003193816246281542,
        0.00475579727948991,
        0.008262330050100358,
        0.004303499031094243,
        0.00614106042857529,
        0.005168091422764769,
        0.0060426406693901286
      ],
      [
        0.02684271893028112,
        0.0028641906698788403,
        0.0,
        0.003458274841862682,
        0.00429737853132594,
        0.005623332186827543,
        0.009887226166295556,
        0.0066160046268847654,
        0.0070288133744977515,
        0.008293563711834397,
        0.007331451110859589
      ],
      [
        0.017686521144851457,
        0.0015619973245336956,
        0.003458274841862682,
        0.0,
        0.0027297118255788415,
        0.0038317855537535147,
        0.009024448325953076,
        0.0033459611014516628,
        0.005139735111396533,
        0.0038003523652721874,
        0.004514646699847678
      ],
      [
        0.02043811994612609,
        0.003193816246281542,
        0.00429737853132594,
        0.0027297118255788415,
        0.0,
        0.0031526710765806894,
        0.011612077793003538,
        0.005010684301562582,
        0.0038380800515943714,
        0.0032480613210624687,
        0.004604174082633832
      ],
      [
        0.024635192619468827,
        0.00475579727948991,
        0.005623332186827543,
        0.0038317855537535147,
        0.0031526710765806894,
        0.0,
        0.008900404495403818,
        0.00651471289179164,
        0.005856226927421131,
        0.005718975366731391,
        0.00559878737377833
      ],
      [
        0.02706722615760901,
        0.008262330050100358,
        0.009887226166295556,
        0.009024448325953076,
        0.011612077793003538,
        0.008900404495403818,
        0.0,
        0.011734083360417185,
        0.01595203311523732,
        0.015298933029429179,
        0.01505325715628612
      ],
      [
        0.021804370278797138,
        0.004303499031094243,
        0.0066160046268847654,
        0.0033459611014516628,
        0.005010684301562582,
        0.00651471289179164,
        0.011734083360417185,
        0.0,
        0.0045927600777972725,
        0.004320900181963965,
        0.005132002274276392
      ],
      [
        0.022880905087174105,
        0.00614106042857529,
        0.0070288133744977515,
        0.005139735111396533,
        0.0038380800515943714,
        0.005856226927421131,
        0.01595203311523732,
        0.0045927600777972725,
        0.0,
        0.0024041998927968266,
        0.00229231711672381
      ],
      [
        0.017951788260433824,
        0.005168091422764769,
        0.008293563711834397,
        0.0038003523652721874,
        0.0032480613210624687,
        0.005718975366731391,
        0.015298933029429179,
        0.004320900181963965,
        0.0024041998927968266,
        0.0,
        0.0027543108870618695
      ],
      [
        0.020484193829569345,
        0.0060426406693901286,
        0.007331451110859589,
        0.004514646699847678,
        0.004604174082633832,
        0.00559878737377833,
        0.01505325715628612,
        0.005132002274276392,
        0.00229231711672381,
        0.0027543108870618695,
        0.0
      ]
    ],
    "lang_order": [
      "english",
      "hindi",
      "marathi",
      "bengali",
      "gujarati",
      "punjabi",
      "urdu",
      "tamil",
      "telugu",
      "malayalam",
      "kannada"
    ]
  },
  "4": {
    "matrix_hard": [
      [
        0.0,
        0.08662241821694167,
        0.12810455055993208,
        0.09726989476667643,
        0.124739915912191,
        0.12699327928360482,
        0.13509797739051815,
        0.12749256481600613,
        0.13181349065827416,
        0.09721155706324675,
        0.14480893214547574
      ],
      [
        0.08662241821694167,
        0.0,
        0.018004835068597687,
        0.030311100548770026,
        0.05005266242257125,
        0.04202692846711254,
        0.06926421022861486,
        0.05153836352980129,
        0.07400188765305678,
        0.058685439033634094,
        0.07210342777770137
      ],
      [
        0.12810455055993208,
        0.018004835068597687,
        0.0,
        0.032075386567782437,
        0.052445070362946836,
        0.04533732215603381,
        0.0845582013088309,
        0.040953764096984306,
        0.05885203974985118,
        0.05476823326624612,
        0.0516423915991023
      ],
      [
        0.09726989476667643,
        0.030311100548770026,
        0.032075386567782437,
        0.0,
        0.04183577200742686,
        0.04398137276312707,
        0.09126475061154983,
        0.03936831804050023,
        0.05337927025847691,
        0.034537926704668084,
        0.06646483771469104
      ],
      [
        0.124739915912191,
        0.05005266242257125,
        0.052445070362946836,
        0.04183577200742686,
        0.0,
        0.04583230562207727,
        0.12453268337638461,
        0.06614428897727928,
        0.06261658303646163,
        0.05048970914857633,
        0.05341766834668236
      ],
      [
        0.12699327928360482,
        0.04202692846711254,
        0.04533732215603381,
        0.04398137276312707,
        0.04583230562207727,
        0.0,
        0.0938614400494612,
        0.05306083984140745,
        0.07948491969595138,
        0.06224736758881418,
        0.0711053990226653
      ],
      [
        0.13509797739051815,
        0.06926421022861486,
        0.0845582013088309,
        0.09126475061154983,
        0.12453268337638461,
        0.0938614400494612,
        0.0,
        0.10221190928479662,
        0.14219436144033107,
        0.12555782747379216,
        0.1338457817843857
      ],
      [
        0.12749256481600613,
        0.05153836352980129,
        0.040953764096984306,
        0.03936831804050023,
        0.06614428897727928,
        0.05306083984140745,
        0.10221190928479662,
        0.0,
        0.058155916476807686,
        0.04758473469496042,
        0.056944492310963615
      ],
      [
        0.13181349065827416,
        0.07400188765305678,
        0.05885203974985118,
        0.05337927025847691,
        0.06261658303646163,
        0.07948491969595138,
        0.14219436144033107,
        0.058155916476807686,
        0.0,
        0.05129274809690222,
        0.04992510269843927
      ],
      [
        0.09721155706324675,
        0.058685439033634094,
        0.05476823326624612,
        0.034537926704668084,
        0.05048970914857633,
        0.06224736758881418,
        0.12555782747379216,
        0.04758473469496042,
        0.05129274809690222,
        0.0,
        0.05817162010001258
      ],
      [
        0.14480893214547574,
        0.07210342777770137,
        0.0516423915991023,
        0.06646483771469104,
        0.05341766834668236,
        0.0711053990226653,
        0.1338457817843857,
        0.056944492310963615,
        0.04992510269843927,
        0.05817162010001258,
        0.0
      ]
    ],
    "matrix_soft": [
      [
        0.0,
        0.015285549285794458,
        0.030069645531793518,
        0.02361014646080837,
        0.018591106892727114,
        0.022157184625355427,
        0.0299778766641847,
        0.03878471319221792,
        0.030730386753034918,
        0.027415340540786686,
        0.031888762461776764
      ],
      [
        0.015285549285794458,
        0.0,
        0.004511041782251857,
        0.002555571329893488,
        0.0025069114924704144,
        0.0034550014611348335,
        0.017252966318170915,
        0.012207430672941107,
        0.009524860064542076,
        0.00785224279357583,
        0.00957143444437163
      ],
      [
        0.030069645531793518,
        0.004511041782251857,
        0.0,
        0.0030210257472247388,
        0.005969480190243213,
        0.007012438745075369,
        0.02240470796838081,
        0.007724431468081107,
        0.00768267193066848,
        0.007362512789942765,
        0.00649090471537005
      ],
      [
        0.02361014646080837,
        0.002555571329893488,
        0.0030210257472247388,
        0.0,
        0.002666580252712169,
        0.004331561762702997,
        0.022750676599266086,
        0.006188207859971977,
        0.005321937965648311,
        0.0038489942318518603,
        0.00514319861357045
      ],
      [
        0.018591106892727114,
        0.0025069114924704144,
        0.005969480190243213,
        0.002666580252712169,
        0.0,
        0.0035830620271118632,
        0.02285720104087316,
        0.010708491694286023,
        0.0064394006140872494,
        0.005370189848131006,
        0.006237028763178427
      ],
      [
        0.022157184625355427,
        0.0034550014611348335,
        0.007012438745075369,
        0.004331561762702997,
        0.0035830620271118632,
        0.0,
        0.016554650918559382,
        0.0148403480089758,
        0.011479557098826984,
        0.010563529130211111,
        0.011000989844126481
      ],
      [
        0.0299778766641847,
        0.017252966318170915,
        0.02240470796838081,
        0.022750676599266086,
        0.02285720104087316,
        0.016554650918559382,
        0.0,
        0.04108205206798549,
        0.03696829961452793,
        0.036037838539384186,
        0.035543958110684594
      ],
      [
        0.03878471319221792,
        0.012207430672941107,
        0.007724431468081107,
        0.006188207859971977,
        0.010708491694286023,
        0.0148403480089758,
        0.04108205206798549,
        0.0,
        0.005333768490967428,
        0.003940111782351267,
        0.0038815953572024268
      ],
      [
        0.030730386753034918,
        0.009524860064542076,
        0.00768267193066848,
        0.005321937965648311,
        0.0064394006140872494,
        0.011479557098826984,
        0.03696829961452793,
        0.005333768490967428,
        0.0,
        0.00249425598787294,
        0.0021419327323997277
      ],
      [
        0.027415340540786686,
        0.00785224279357583,
        0.007362512789942765,
        0.0038489942318518603,
        0.005370189848131006,
        0.010563529130211111,
        0.036037838539384186,
        0.003940111782351267,
        0.00249425598787294,
        0.0,
        0.0032035554356938784
      ],
      [
        0.031888762461776764,
        0.00957143444437163,
        0.00649090471537005,
        0.00514319861357045,
        0.006237028763178427,
        0.011000989844126481,
        0.035543958110684594,
        0.0038815953572024268,
        0.0021419327323997277,
        0.0032035554356938784,
        0.0
      ]
    ],
    "lang_order": [
      "english",
      "hindi",
      "marathi",
      "bengali",
      "gujarati",
      "punjabi",
      "urdu",
      "tamil",
      "telugu",
      "malayalam",
      "kannada"
    ]
  },
  "5": {
    "matrix_hard": [
      [
        0.0,
        0.0830572629584054,
        0.13326191103626714,
        0.08382407794783381,
        0.0868209890431435,
        0.12534068638722934,
        0.1371327624731169,
        0.11511887836553299,
        0.09199039334188092,
        0.08234128674257964,
        0.10514693263461014
      ],
      [
        0.0830572629584054,
        0.0,
        0.020496866159407778,
        0.012557722178956182,
        0.03261390361017958,
        0.026333864583792766,
        0.026429396442577174,
        0.04748266292824454,
        0.045710298476103764,
        0.04801218937525316,
        0.056963092287146515
      ],
      [
        0.13326191103626714,
        0.020496866159407778,
        0.0,
        0.026611448134650512,
        0.045279135012062384,
        0.027655857854424596,
        0.02857961095458458,
        0.04832452308675474,
        0.05406530086611373,
        0.052901051709106355,
        0.06130983622647649
      ],
      [
        0.08382407794783381,
        0.012557722178956182,
        0.026611448134650512,
        0.0,
        0.028760192574508743,
        0.02969060740763,
        0.03319431294346036,
        0.03339078895966648,
        0.04432635250868286,
        0.03647207201330807,
        0.050459414296500776
      ],
      [
        0.0868209890431435,
        0.03261390361017958,
        0.045279135012062384,
        0.028760192574508743,
        0.0,
        0.04800258262149489,
        0.05345051049005194,
        0.05038987165847588,
        0.043428563843158935,
        0.03166277160249951,
        0.0442444955210418
      ],
      [
        0.12534068638722934,
        0.026333864583792766,
        0.027655857854424596,
        0.02969060740763,
        0.04800258262149489,
        0.0,
        0.040983807612257665,
        0.05132873301642258,
        0.052971374732539205,
        0.05746773580208134,
        0.061980525603371216
      ],
      [
        0.1371327624731169,
        0.026429396442577174,
        0.02857961095458458,
        0.03319431294346036,
        0.05345051049005194,
        0.040983807612257665,
        0.0,
        0.05808201236585303,
        0.08037642399607771,
        0.06125288505184326,
        0.08102891247459784
      ],
      [
        0.11511887836553299,
        0.04748266292824454,
        0.04832452308675474,
        0.03339078895966648,
        0.05038987165847588,
        0.05132873301642258,
        0.05808201236585303,
        0.0,
        0.04883351869248632,
        0.04397140757224401,
        0.03372290722796629
      ],
      [
        0.09199039334188092,
        0.045710298476103764,
        0.05406530086611373,
        0.04432635250868286,
        0.043428563843158935,
        0.052971374732539205,
        0.08037642399607771,
        0.04883351869248632,
        0.0,
        0.03929700020004916,
        0.03482242165395247
      ],
      [
        0.08234128674257964,
        0.04801218937525316,
