{
  "0": {
    "matrix_hard": [
      [
        0.0,
        0.22099768507655523,
        0.23669604884451653,
        0.24930847257846733,
        0.27309790876030565,
        0.2858926412847087,
        0.18024279070991747,
        0.26328281962613737,
        0.2997912919917056,
        0.272414873809671,
        0.29964154901385565
      ],
      [
        0.22099768507655523,
        0.0,
        0.01160939364876804,
        0.071306511565378,
        0.07097212771072327,
        0.12749985362295885,
        0.05593776238564444,
        0.06552824914218507,
        0.06755051172810779,
        0.10464966063158797,
        0.11667313130110135
      ],
      [
        0.23669604884451653,
        0.01160939364876804,
        0.0,
        0.0839781129660572,
        0.07466250755224592,
        0.1392094150257786,
        0.06974920903193235,
        0.06797501267773537,
        0.07318593731341709,
        0.11232152543431836,
        0.11654941770728022
      ],
      [
        0.24930847257846733,
        0.071306511565378,
        0.0839781129660572,
        0.0,
        0.05831329158829257,
        0.13911810060225482,
        0.09389359958855846,
        0.07667127957530477,
        0.07377775008159829,
        0.07879878357857856,
        0.08985979315464684
      ],
      [
        0.27309790876030565,
        0.07097212771072327,
        0.07466250755224592,
        0.05831329158829257,
        0.0,
        0.10889733338780208,
        0.1212982433904263,
        0.07802919986367003,
        0.04781833343884395,
        0.07829251588671512,
        0.08316757283822702
      ],
      [
        0.2858926412847087,
        0.12749985362295885,
        0.1392094150257786,
        0.13911810060225482,
        0.10889733338780208,
        0.0,
        0.17517481271469323,
        0.1367636754750876,
        0.1365823530364964,
        0.12349738379473399,
        0.16417008435758682
      ],
      [
        0.18024279070991747,
        0.05593776238564444,
        0.06974920903193235,
        0.09389359958855846,
        0.1212982433904263,
        0.17517481271469323,
        0.0,
        0.11338953598364747,
        0.1324528323621031,
        0.14827084197629184,
        0.12869721082347604
      ],
      [
        0.26328281962613737,
        0.06552824914218507,
        0.06797501267773537,
        0.07667127957530477,
        0.07802919986367003,
        0.1367636754750876,
        0.11338953598364747,
        0.0,
        0.05445469495662184,
        0.056521277487003,
        0.08194756455438727
      ],
      [
        0.2997912919917056,
        0.06755051172810779,
        0.07318593731341709,
        0.07377775008159829,
        0.04781833343884395,
        0.1365823530364964,
        0.1324528323621031,
        0.05445469495662184,
        0.0,
        0.07058062644996108,
        0.07786923050674123
      ],
      [
        0.272414873809671,
        0.10464966063158797,
        0.11232152543431836,
        0.07879878357857856,
        0.07829251588671512,
        0.12349738379473399,
        0.14827084197629184,
        0.056521277487003,
        0.07058062644996108,
        0.0,
        0.09001700236685388
      ],
      [
        0.29964154901385565,
        0.11667313130110135,
        0.11654941770728022,
        0.08985979315464684,
        0.08316757283822702,
        0.16417008435758682,
        0.12869721082347604,
        0.08194756455438727,
        0.07786923050674123,
        0.09001700236685388,
        0.0
      ]
    ],
    "matrix_soft": [
      [
        0.0,
        0.03476185356974137,
        0.034932003530480926,
        0.037972130100867106,
        0.045096237315509144,
        0.046564044747129135,
        0.029488252806093962,
        0.032575529495105754,
        0.03728106350126655,
        0.04297323510313807,
        0.04190973738586519
      ],
      [
        0.03476185356974137,
        0.0,
        0.0017540493766317103,
        0.009504701816800711,
        0.010424513403735567,
        0.01942842055182622,
        0.012812798855062516,
        0.007853941122253101,
        0.009044261936585488,
        0.014750855224261988,
        0.01299870941341629
      ],
      [
        0.034932003530480926,
        0.0017540493766317103,
        0.0,
        0.010343140081202719,
        0.010132844264016842,
        0.019422419969648462,
        0.014169036572778643,
        0.007622332892504833,
        0.00856295034935071,
        0.015705764708117458,
        0.011865947027122861
      ],
      [
        0.037972130100867106,
        0.009504701816800711,
        0.010343140081202719,
        0.0,
        0.008195154701564915,
        0.01924352307877518,
        0.02152028852993328,
        0.012200997446907271,
        0.006347779544069008,
        0.01307645094606412,
        0.009026244066678688
      ],
      [
        0.045096237315509144,
        0.010424513403735567,
        0.010132844264016842,
        0.008195154701564915,
        0.0,
        0.015410248800200133,
        0.026721476535880685,
        0.016000830505190716,
        0.008574161468403826,
        0.015324605470913837,
        0.010053345283655507
      ],
      [
        0.046564044747129135,
        0.01942842055182622,
        0.019422419969648462,
        0.01924352307877518,
        0.015410248800200133,
        0.0,
        0.03220781983864539,
        0.02418722887132069,
        0.02291761263421764,
        0.025679914668279562,
        0.019572168488429412
      ],
      [
        0.029488252806093962,
        0.012812798855062516,
        0.014169036572778643,
        0.02152028852993328,
        0.026721476535880685,
        0.03220781983864539,
        0.0,
        0.015198990955060993,
        0.020866066526051146,
        0.025402815683763614,
        0.021744932805936062
      ],
      [
        0.032575529495105754,
        0.007853941122253101,
        0.007622332892504833,
        0.012200997446907271,
        0.016000830505190716,
        0.02418722887132069,
        0.015198990955060993,
        0.0,
        0.00889397261298444,
        0.009377710096126505,
        0.013119623965888526
      ],
      [
        0.03728106350126655,
        0.009044261936585488,
        0.00856295034935071,
        0.006347779544069008,
        0.008574161468403826,
        0.02291761263421764,
        0.020866066526051146,
        0.00889397261298444,
        0.0,
        0.009803942224000781,
        0.005742193024597871
      ],
      [
        0.04297323510313807,
        0.014750855224261988,
        0.015705764708117458,
        0.01307645094606412,
        0.015324605470913837,
        0.025679914668279562,
        0.025402815683763614,
        0.009377710096126505,
        0.009803942224000781,
        0.0,
        0.010225739752350266
      ],
      [
        0.04190973738586519,
        0.01299870941341629,
        0.011865947027122861,
        0.009026244066678688,
        0.010053345283655507,
        0.019572168488429412,
        0.021744932805936062,
        0.013119623965888526,
        0.005742193024597871,
        0.010225739752350266,
        0.0
      ]
    ],
    "lang_order": [
      "english",
      "hindi",
      "marathi",
      "bengali",
      "gujarati",
      "punjabi",
      "urdu",
      "tamil",
      "telugu",
      "malayalam",
      "kannada"
    ]
  },
  "1": {
    "matrix_hard": [
      [
        0.0,
        0.21927691137976285,
        0.2211534799696673,
        0.2607702396465249,
        0.25511084232590103,
        0.223830262257877,
        0.22730542262495057,
        0.2668238631756795,
        0.29420545709357787,
        0.269471522887422,
        0.2692041145962425
      ],
      [
        0.21927691137976285,
        0.0,
        0.006219227778161822,
        0.023702331282804807,
        0.028523801308543335,
        0.03964186531281644,
        0.02941658964175359,
        0.041072435976195074,
        0.03655710032812094,
        0.04670485145081881,
        0.04167332221018924
      ],
      [
        0.2211534799696673,
        0.006219227778161822,
        0.0,
        0.020489950685043824,
        0.024907767389857397,
        0.03911168774801246,
        0.03726014737761177,
        0.03656148699271108,
        0.03130946358953692,
        0.045173337621441205,
        0.03949132501136682
      ],
      [
        0.2607702396465249,
        0.023702331282804807,
        0.020489950685043824,
        0.0,
        0.017364202854158215,
        0.04402877357533022,
        0.04176025565704758,
        0.031498655940996115,
        0.018808134885533363,
        0.024247559545268402,
        0.02587276161100584
      ],
      [
        0.25511084232590103,
        0.028523801308543335,
        0.024907767389857397,
        0.017364202854158215,
        0.0,
        0.042853817983200745,
        0.044305760298200686,
        0.03530664455770007,
        0.02046294109043245,
        0.030138343903352294,
        0.018210115626630777
      ],
      [
        0.223830262257877,
        0.03964186531281644,
        0.03911168774801246,
        0.04402877357533022,
        0.042853817983200745,
        0.0,
        0.04281228239503779,
        0.05893027028127487,
        0.052608202055988554,
        0.05223383274962538,
        0.049532079147041434
      ],
      [
        0.22730542262495057,
        0.02941658964175359,
        0.03726014737761177,
        0.04176025565704758,
        0.044305760298200686,
        0.04281228239503779,
        0.0,
        0.06258982017857694,
        0.05879625146451955,
        0.05544968654124631,
        0.056307694422245425
      ],
      [
        0.2668238631756795,
        0.041072435976195074,
        0.03656148699271108,
        0.031498655940996115,
        0.03530664455770007,
        0.05893027028127487,
        0.06258982017857694,
        0.0,
        0.018748400700580488,
        0.023769084074441393,
        0.032073824071563735
      ],
      [
        0.29420545709357787,
        0.03655710032812094,
        0.03130946358953692,
        0.018808134885533363,
        0.02046294109043245,
        0.052608202055988554,
        0.05879625146451955,
        0.018748400700580488,
        0.0,
        0.01744362649675338,
        0.013937452443689326
      ],
      [
        0.269471522887422,
        0.04670485145081881,
        0.045173337621441205,
        0.024247559545268402,
        0.030138343903352294,
        0.05223383274962538,
        0.05544968654124631,
        0.023769084074441393,
        0.01744362649675338,
        0.0,
        0.02021788542294401
      ],
      [
        0.2692041145962425,
        0.04167332221018924,
        0.03949132501136682,
        0.02587276161100584,
        0.018210115626630777,
        0.049532079147041434,
        0.056307694422245425,
        0.032073824071563735,
        0.013937452443689326,
        0.02021788542294401,
        0.0
      ]
    ],
    "matrix_soft": [
      [
        0.0,
        0.023056193029608187,
        0.024243872969719703,
        0.03628649858024261,
        0.032421664141619774,
        0.02572947523124617,
        0.025479159857373184,
        0.02965047006706246,
        0.03877823697052137,
        0.03605336803531131,
        0.03225795815582974
      ],
      [
        0.023056193029608187,
        0.0,
        0.0017349759296148798,
        0.004399949387384858,
        0.003747553691457305,
        0.004570677438245765,
        0.0038274584433855177,
        0.005099495537841631,
        0.006211129922657286,
        0.0067728528044716475,
        0.005526898625717677
      ],
      [
        0.024243872969719703,
        0.0017349759296148798,
        0.0,
        0.005092125812529266,
        0.003974113289872628,
        0.00533599586783827,
        0.00674811686226552,
        0.006497720871524949,
        0.006891252110675011,
        0.007606204816335835,
        0.006595201444202665
      ],
      [
        0.03628649858024261,
        0.004399949387384858,
        0.005092125812529266,
        0.0,
        0.0034935944351691707,
        0.006814181041642655,
        0.006290295686632572,
        0.004302083533260773,
        0.002802010208097946,
        0.003329523658053281,
        0.0036246479023555505
      ],
      [
        0.032421664141619774,
        0.003747553691457305,
        0.003974113289872628,
        0.0034935944351691707,
        0.0,
        0.005240359070103106,
        0.007067597477689003,
        0.005404791951315928,
        0.004680396659134783,
        0.005541887652728324,
        0.0038060240978108955
      ],
      [
        0.02572947523124617,
        0.004570677438245765,
        0.00533599586783827,
        0.006814181041642655,
        0.005240359070103106,
        0.0,
        0.007074545308060971,
        0.0071279143462140634,
        0.006927645923742163,
        0.008048247927366577,
        0.00514716865839574
      ],
      [
        0.025479159857373184,
        0.0038274584433855177,
        0.00674811686226552,
        0.006290295686632572,
        0.007067597477689003,
        0.007074545308060971,
        0.0,
        0.007305979539736686,
        0.009461649050470465,
        0.0076766209629484765,
        0.008514088465903232
      ],
      [
        0.02965047006706246,
        0.005099495537841631,
        0.006497720871524949,
        0.004302083533260773,
        0.005404791951315928,
        0.0071279143462140634,
        0.007305979539736686,
        0.0,
        0.003552978163451855,
        0.003965566222389808,
        0.004117837041415542
      ],
      [
        0.03877823697052137,
        0.006211129922657286,
        0.006891252110675011,
        0.002802010208097946,
        0.004680396659134783,
        0.006927645923742163,
        0.009461649050470465,
        0.003552978163451855,
        0.0,
        0.0023757725378140255,
        0.002673325869107925
      ],
      [
        0.03605336803531131,
        0.0067728528044716475,
        0.007606204816335835,
        0.003329523658053281,
        0.005541887652728324,
        0.008048247927366577,
        0.0076766209629484765,
        0.003965566222389808,
        0.0023757725378140255,
        0.0,
        0.004008837326069783
      ],
      [
        0.03225795815582974,
        0.005526898625717677,
        0.006595201444202665,
        0.0036246479023555505,
        0.0038060240978108955,
        0.00514716865839574,
        0.008514088465903232,
        0.004117837041415542,
        0.002673325869107925,
        0.004008837326069783,
        0.0
      ]
    ],
    "lang_order": [
      "english",
      "hindi",
      "marathi",
      "bengali",
      "gujarati",
      "punjabi",
      "urdu",
      "tamil",
      "telugu",
      "malayalam",
      "kannada"
    ]
  },
  "2": {
    "matrix_hard": [
      [
        0.0,
        0.3835254078807278,
        0.43376498925321155,
        0.42808650564268685,
        0.4075458910969099,
        0.3667568036029673,
        0.40203825030960044,
        0.4071639996960755,
        0.42916948729276677,
        0.44056799799660173,
        0.4117623447029597
      ],
      [
        0.3835254078807278,
        0.0,
        0.018868149197760354,
        0.03328222748255193,
        0.04014681251974103,
        0.03756958214224002,
        0.016224202404063873,
        0.05915665852315984,
        0.05092587685908837,
        0.059910045284403475,
        0.052746453720920294
      ],
      [
        0.43376498925321155,
        0.018868149197760354,
        0.0,
        0.030562541174219204,
        0.035327333604772686,
        0.04515129213112949,
        0.03201600529520409,
        0.046476429148361816,
        0.04205422241205935,
        0.047010322308005496,
        0.04083870008350722
      ],
      [
        0.42808650564268685,
        0.03328222748255193,
        0.030562541174219204,
        0.0,
        0.03652125422027963,
        0.044556982656586315,
        0.036706049470572606,
        0.039583410346217644,
        0.02726466682489454,
        0.03980395671903848,
        0.03929849984218022
      ],
      [
        0.4075458910969099,
        0.04014681251974103,
        0.035327333604772686,
        0.03652125422027963,
        0.0,
        0.03962287564240501,
        0.048714237588200995,
        0.03777159293037575,
        0.02967990963396606,
        0.04082445700057571,
        0.04089095419618452
      ],
      [
        0.3667568036029673,
        0.03756958214224002,
        0.04515129213112949,
        0.044556982656586315,
        0.03962287564240501,
        0.0,
        0.03323421211347548,
        0.05506802170550627,
        0.03864562841893162,
        0.052516414630458086,
        0.04730352374099544
      ],
      [
        0.40203825030960044,
        0.016224202404063873,
        0.03201600529520409,
        0.036706049470572606,
        0.048714237588200995,
        0.03323421211347548,
        0.0,
        0.05046906507105792,
        0.04698851844689402,
        0.055163605527562505,
        0.04904513131030207
      ],
      [
        0.4071639996960755,
        0.05915665852315984,
        0.046476429148361816,
        0.039583410346217644,
        0.03777159293037575,
        0.05506802170550627,
        0.05046906507105792,
        0.0,
        0.03203522885456038,
        0.021360203033487388,
        0.035050780830606025
      ],
      [
        0.42916948729276677,
        0.05092587685908837,
        0.04205422241205935,
        0.02726466682489454,
        0.02967990963396606,
        0.03864562841893162,
        0.04698851844689402,
        0.03203522885456038,
        0.0,
        0.030272524774420263,
        0.03582220280247758
      ],
      [
        0.44056799799660173,
        0.059910045284403475,
        0.047010322308005496,
        0.03980395671903848,
        0.04082445700057571,
        0.052516414630458086,
        0.055163605527562505,
        0.021360203033487388,
        0.030272524774420263,
        0.0,
        0.02579895299672951
      ],
      [
        0.4117623447029597,
        0.052746453720920294,
        0.04083870008350722,
        0.03929849984218022,
        0.04089095419618452,
        0.04730352374099544,
        0.04904513131030207,
        0.035050780830606025,
        0.03582220280247758,
        0.02579895299672951,
        0.0
      ]
    ],
    "matrix_soft": [
      [
        0.0,
        0.08125034418856336,
        0.10448680190856495,
        0.09640682049488528,
        0.09140469434562479,
        0.0728151003627795,
        0.09120923606291924,
        0.09800672135128358,
        0.0985578182581421,
        0.1030585504866434,
        0.0901331513653863
      ],
      [
        0.08125034418856336,
        0.0,
        0.003793077364779245,
        0.00411194596381626,
        0.0035199554790645055,
        0.004195224531653196,
        0.002001593209777601,
        0.009458968539623035,
        0.007821289275456673,
        0.01029933690619664,
        0.006813875369353036
      ],
      [
        0.10448680190856495,
        0.003793077364779245,
        0.0,
        0.004398463349792246,
        0.004540693337959403,
        0.009151805509760367,
        0.005069195352253585,
        0.008637398682957407,
        0.007153954266253491,
        0.009450657612381534,
        0.007107252914857481
      ],
      [
        0.09640682049488528,
        0.00411194596381626,
        0.004398463349792246,
        0.0,
        0.0021201248620052624,
        0.005030764619665276,
        0.003945469445009981,
        0.004651583182946579,
        0.0026517692546174547,
        0.004637588430636232,
        0.003223449327290265
      ],
      [
        0.09140469434562479,
        0.0035199554790645055,
        0.004540693337959403,
        0.0021201248620052624,
        0.0,
        0.004126000842873685,
        0.004524981782272963,
        0.005252520796386578,
        0.003384524515967883,
        0.004951824582919246,
        0.0032396882516522014
      ],
      [
        0.0728151003627795,
        0.004195224531653196,
        0.009151805509760367,
        0.005030764619665276,
        0.004126000842873685,
        0.0,
        0.0046262456373660455,
        0.0081273740547153,
        0.006341467915143787,
        0.008129342449899003,
        0.0049650692624573734
      ],
      [
        0.09120923606291924,
        0.002001593209777601,
        0.005069195352253585,
        0.003945469445009981,
        0.004524981782272963,
        0.0046262456373660455,
        0.0,
        0.007733136746166577,
        0.006663810429366787,
        0.008285542333509,
        0.006126651507107692
      ],
      [
        0.09800672135128358,
        0.009458968539623035,
        0.008637398682957407,
        0.004651583182946579,
        0.005252520796386578,
        0.0081273740547153,
        0.007733136746166577,
        0.0,
        0.002670439113440903,
        0.001511578695782658,
        0.0026106665767238954
      ],
      [
        0.0985578182581421,
        0.007821289275456673,
        0.007153954266253491,
        0.0026517692546174547,
        0.003384524515967883,
        0.006341467915143787,
        0.006663810429366787,
        0.002670439113440903,
        0.0,
        0.002200328904054411,
        0.002117008684169219
      ],
      [
        0.1030585504866434,
        0.01029933690619664,
        0.009450657612381534,
        0.004637588430636232,
        0.004951824582919246,
        0.008129342449899003,
        0.008285542333509,
        0.001511578695782658,
        0.002200328904054411,
        0.0,
        0.0027827970251772896
      ],
      [
        0.0901331513653863,
        0.006813875369353036,
        0.007107252914857481,
        0.003223449327290265,
        0.0032396882516522014,
        0.0049650692624573734,
        0.006126651507107692,
        0.0026106665767238954,
        0.002117008684169219,
        0.0027827970251772896,
        0.0
      ]
    ],
    "lang_order": [
      "english",
      "hindi",
      "marathi",
      "bengali",
      "gujarati",
      "punjabi",
      "urdu",
      "tamil",
      "telugu",
      "malayalam",
      "kannada"
    ]
  },
  "3": {
    "matrix_hard": [
      [
        0.0,
        0.3868920354867011,
        0.4498226144422598,
        0.4600031994431588,
        0.4699163660407817,
        0.4706647533917213,
        0.44690473224146926,
        0.4741207450442466,
        0.480054141018316,
        0.4823728609160881,
        0.4952873053400062
      ],
      [
        0.3868920354867011,
        0.0,
        0.02130778941175531,
        0.03477242048886865,
        0.03342525230470436,
        0.043493711207547,
        0.01939580044259506,
        0.057497624607453945,
        0.054080050906231636,
        0.061694552443065535,
        0.0694024353901214
      ],
      [
        0.4498226144422598,
        0.02130778941175531,
        0.0,
        0.021636443993141227,
        0.02357666008755625,
        0.03991921630725829,
        0.025195251800046038,
        0.035189987160803675,
        0.027869450314685826,
        0.039116562736515655,
        0.03981501478516101
      ],
      [
        0.4600031994431588,
        0.03477242048886865,
        0.021636443993141227,
        0.0,
        0.019606334748926414,
        0.03218806243942315,
        0.03315272502692676,
        0.02783219252646702,
        0.01798581540580805,
        0.02801771805305221,
        0.02891002952753652
      ],
      [
        0.4699163660407817,
        0.03342525230470436,
        0.02357666008755625,
        0.019606334748926414,
        0.0,
        0.020953994934661803,
        0.02813706194468344,
        0.038154528338211924,
        0.03245879850620983,
        0.03251700628216275,
        0.03544257823913006
      ],
      [
        0.4706647533917213,
        0.043493711207547,
        0.03991921630725829,
        0.03218806243942315,
        0.020953994934661803,
        0.0,
        0.030523988649450995,
        0.03725336413320939,
        0.03905827421126841,
        0.04118520348872598,
        0.04128288923115604
      ],
      [
        0.44690473224146926,
        0.01939580044259506,
        0.025195251800046038,
        0.03315272502692676,
        0.02813706194468344,
        0.030523988649450995,
        0.0,
        0.04876188046062953,
        0.04814522877874153,
        0.04747029977937586,
        0.06001598151663865
      ],
      [
        0.4741207450442466,
        0.057497624607453945,
        0.035189987160803675,
        0.02783219252646702,
        0.038154528338211924,
        0.03725336413320939,
        0.04876188046062953,
        0.0,
        0.014724216779477205,
        0.015767290622866408,
        0.019873810823133147
      ],
      [
        0.480054141018316,
        0.054080050906231636,
        0.027869450314685826,
        0.01798581540580805,
        0.03245879850620983,
        0.03905827421126841,
        0.04814522877874153,
        0.014724216779477205,
        0.0,
        0.0200519848678479,
        0.015978168184377983
      ],
      [
        0.4823728609160881,
        0.061694552443065535,
        0.039116562736515655,
        0.02801771805305221,
        0.03251700628216275,
        0.04118520348872598,
        0.04747029977937586,
        0.015767290622866408,
        0.0200519848678479,
        0.0,
        0.017650793110371734
      ],
      [
        0.4952873053400062,
        0.0694024353901214,
        0.03981501478516101,
        0.02891002952753652,
        0.03544257823913006,
        0.04128288923115604,
        0.06001598151663865,
        0.019873810823133147,
        0.015978168184377983,
        0.017650793110371734,
        0.0
      ]
    ],
    "matrix_soft": [
      [
        0.0,
        0.0796492555769825,
        0.09999031550175683,
        0.08664203791431727,
        0.08628473320823413,
        0.07368014084987237,
        0.09828082945001186,
        0.08277995251087933,
        0.08899550762776016,
        0.08028141543143363,
        0.08342685987764194
      ],
      [
        0.0796492555769825,
        0.0,
        0.0032976087837880918,
        0.0031072286919335717,
        0.0027036001901176187,
        0.0046739449584021235,
        0.002234801852299377,
        0.00686186457520883,
        0.006923001048554407,
        0.010101940459632702,
        0.008918310173503217
      ],
      [
        0.09999031550175683,
        0.0032976087837880918,
        0.0,
        0.0026715798421173293,
        0.0028448765479218868,
        0.00821220852809676,
        0.003850174933058467,
        0.00631284355269081,
        0.004960160367028252,
        0.009431577615244211,
        0.0073906648719131
      ],
      [
        0.08664203791431727,
        0.0031072286919335717,
        0.0026715798421173293,
        0.0,
        0.0013719474259326877,
        0.003820292611567439,
        0.004304720040734645,
        0.002699579423846471,
        0.0022792356863425584,
        0.004755605814429381,
        0.003531665079082236
      ],
      [
        0.08628473320823413,
        0.0027036001901176187,
        0.0028448765479218868,
        0.0013719474259326877,
        0.0,
        0.0035541907755018832,
        0.004305841622905019,
        0.00320379224774243,
        0.0027854612446993952,
        0.00510235575712307,
        0.0038390726467765965
      ],
      [
        0.07368014084987237,
        0.0046739449584021235,
        0.00821220852809676,
        0.003820292611567439,
        0.0035541907755018832,
        0.0,
        0.006872355516911461,
        0.004073479625444766,
        0.004255222291744039,
        0.005042841698237778,
        0.005046451990291438
      ],
      [
        0.09828082945001186,
        0.002234801852299377,
        0.003850174933058467,
        0.004304720040734645,
        0.004305841622905019,
        0.006872355516911461,
        0.0,
        0.008811105862979455,
        0.00798821657691424,
        0.012269502973757982,
        0.010947419935611635
      ],
      [
        0.08277995251087933,
        0.00686186457520883,
        0.00631284355269081,
        0.002699579423846471,
        0.00320379224774243,
        0.004073479625444766,
        0.008811105862979455,
        0.0,
        0.0014527975785852238,
        0.0014972030287729399,
        0.0014542646376235892
      ],
      [
        0.08899550762776016,
        0.006923001048554407,
        0.004960160367028252,
        0.0022792356863425584,
        0.0027854612446993952,
        0.004255222291744039,
        0.00798821657691424,
        0.0014527975785852238,
        0.0,
        0.0018774895883848762,
        0.0015718984194884455
      ],
      [
        0.08028141543143363,
        0.010101940459632702,
        0.009431577615244211,
        0.004755605814429381,
        0.00510235575712307,
        0.005042841698237778,
        0.012269502973757982,
        0.0014972030287729399,
        0.0018774895883848762,
        0.0,
        0.0016887500497858529
      ],
      [
        0.08342685987764194,
        0.008918310173503217,
        0.0073906648719131,
        0.003531665079082236,
        0.0038390726467765965,
        0.005046451990291438,
        0.010947419935611635,
        0.0014542646376235892,
        0.0015718984194884455,
        0.0016887500497858529,
        0.0
      ]
    ],
    "lang_order": [
      "english",
      "hindi",
      "marathi",
      "bengali",
      "gujarati",
      "punjabi",
      "urdu",
      "tamil",
      "telugu",
      "malayalam",
      "kannada"
    ]
  },
  "4": {
    "matrix_hard": [
      [
        0.0,
        0.25435787908067137,
        0.316960061162053,
        0.3077238843663688,
        0.3089947229975795,
        0.3398592414426493,
        0.3273211960425162,
        0.37089081478617625,
        0.3584395070072386,
        0.37702177492683353,
        0.39828137921947
      ],
      [
        0.25435787908067137,
        0.0,
        0.012746111087571142,
        0.030954806920540503,
        0.030207314867462896,
        0.04166417161986532,
        0.016684072899690292,
        0.06933262718088834,
        0.06993568225477946,
        0.08416161174217052,
        0.07559630865936502
      ],
      [
        0.316960061162053,
        0.012746111087571142,
        0.0,
        0.02216885649920815,
        0.026052704854847026,
        0.032398250520997686,
        0.0134376330799556,
        0.049629082878749425,
        0.04793015417367856,
        0.05715656062024561,
        0.05012610271942411
      ],
      [
        0.3077238843663688,
        0.030954806920540503,
        0.02216885649920815,
        0.0,
        0.018095261553255956,
        0.021985819094100603,
        0.03347475161642652,
        0.03028805118565737,
        0.023335875352858363,
        0.032707784515098266,
        0.02813689386935594
      ],
      [
        0.3089947229975795,
        0.030207314867462896,
        0.026052704854847026,
        0.018095261553255956,
        0.0,
        0.024585435966472686,
        0.03293376717974,
        0.034609475582657284,
        0.028012361524205193,
        0.035920416257476766,
        0.033864276653675626
      ],
      [
        0.3398592414426493,
        0.04166417161986532,
        0.032398250520997686,
        0.021985819094100603,
        0.024585435966472686,
        0.0,
        0.031294506294759654,
        0.025223482573123988,
        0.02352106370191924,
        0.030390732014074252,
        0.031765844601553954
      ],
      [
        0.3273211960425162,
        0.016684072899690292,
        0.0134376330799556,
        0.03347475161642652,
        0.03293376717974,
        0.031294506294759654,
        0.0,
        0.05696234384005761,
        0.05744649217903393,
        0.06886888845387591,
        0.06468112331714514
      ],
      [
        0.37089081478617625,
        0.06933262718088834,
        0.049629082878749425,
        0.03028805118565737,
        0.034609475582657284,
        0.025223482573123988,
        0.05696234384005761,
        0.0,
        0.01814092873813041,
        0.02271357148661735,
        0.01797390041611811
      ],
      [
        0.3584395070072386,
        0.06993568225477946,
        0.04793015417367856,
        0.023335875352858363,
        0.028012361524205193,
        0.02352106370191924,
        0.05744649217903393,
        0.01814092873813041,
        0.0,
        0.011583318274253806,
        0.020530517771562097
      ],
      [
        0.37702177492683353,
        0.08416161174217052,
        0.05715656062024561,
        0.032707784515098266,
        0.035920416257476766,
        0.030390732014074252,
        0.06886888845387591,
        0.02271357148661735,
        0.011583318274253806,
        0.0,
        0.018842138373714283
      ],
      [
        0.39828137921947,
        0.07559630865936502,
        0.05012610271942411,
        0.02813689386935594,
        0.033864276653675626,
        0.031765844601553954,
        0.06468112331714514,
        0.01797390041611811,
        0.020530517771562097,
        0.018842138373714283,
        0.0
      ]
    ],
    "matrix_soft": [
      [
        0.0,
        0.04056029970093045,
        0.05734900154032612,
        0.048150461088808244,
        0.05205627845568591,
        0.05027911185636859,
        0.05785214753434095,
        0.057924004035654564,
        0.0565257958330556,
        0.05693264229150293,
        0.05868335043487658
      ],
      [
        0.04056029970093045,
        0.0,
        0.0030455591395510415,
        0.002564443552075596,
        0.002693745785765348,
        0.003977792442167356,
        0.003192116238086196,
        0.007442837421389685,
        0.006590087647568415,
        0.00842758723878431,
        0.007956851240963134
      ],
      [
        0.05734900154032612,
        0.0030455591395510415,
        0.0,
        0.0035436497841606217,
        0.0029882227438015776,
        0.005297462348743781,
        0.0022862943649074622,
        0.006931856139652152,
        0.006107026674306892,
        0.007996727702710258,
        0.006816162872970957
      ],
      [
        0.048150461088808244,
        0.002564443552075596,
        0.0035436497841606217,
        0.0,
        0.0008831182318190573,
        0.0016812704839913957,
        0.0037891802110384047,
        0.0023186202172455635,
        0.0017026020430598384,
        0.0027843399984326376,
        0.0025044939941535013
      ],
      [
        0.05205627845568591,
        0.002693745785765348,
        0.0029882227438015776,
        0.0008831182318190573,
        0.0,
        0.0012708560573458905,
        0.0030482265501574897,
        0.002542498465054417,
        0.0020024136543571563,
        0.0030450435275020684,
        0.0025969506244139713
      ],
      [
        0.05027911185636859,
        0.003977792442167356,
        0.005297462348743781,
        0.0016812704839913957,
        0.0012708560573458905,
        0.0,
        0.0037137651468278324,
        0.0017040306411342902,
        0.002101847842459517,
        0.002420180339327046,
        0.0022441508896629304
      ],
      [
        0.05785214753434095,
        0.003192116238086196,
        0.0022862943649074622,
        0.0037891802110384047,
        0.0030482265501574897,
        0.0037137651468278324,
        0.0,
        0.005751769636660565,
        0.005516385850280072,
        0.007199545120298425,
        0.006906944855759012
      ],
      [
        0.057924004035654564,
        0.007442837421389685,
        0.006931856139652152,
        0.0023186202172455635,
        0.002542498465054417,
        0.0017040306411342902,
        0.005751769636660565,
        0.0,
        0.000907266846554416,
        0.0009275964051394138,
        0.0008737588654193442
      ],
      [
        0.0565257958330556,
        0.006590087647568415,
        0.006107026674306892,
        0.0017026020430598384,
        0.0020024136543571563,
        0.002101847842459517,
        0.005516385850280072,
        0.000907266846554416,
        0.0,
        0.0009113340515003332,
        0.0011313510032792443
      ],
      [
        0.05693264229150293,
        0.00842758723878431,
        0.007996727702710258,
        0.0027843399984326376,
        0.0030450435275020684,
        0.002420180339327046,
        0.007199545120298425,
        0.0009275964051394138,
        0.0009113340515003332,
        0.0,
        0.0008272528419754356
      ],
      [
        0.05868335043487658,
        0.007956851240963134,
        0.006816162872970957,
        0.0025044939941535013,
        0.0025969506244139713,
        0.0022441508896629304,
        0.006906944855759012,
        0.0008737588654193442,
        0.0011313510032792443,
        0.0008272528419754356,
        0.0
      ]
    ],
    "lang_order": [
      "english",
      "hindi",
      "marathi",
      "bengali",
      "gujarati",
      "punjabi",
      "urdu",
      "tamil",
      "telugu",
      "malayalam",
      "kannada"
    ]
  },
  "5": {
    "matrix_hard": [
      [
        0.0,
        0.18399015163401222,
        0.2565851659885611,
        0.2602911467139639,
        0.2847537885641399,
        0.28305121973336705,
        0.2214650479381979,
        0.37741629530025134,
        0.3426441485192496,
        0.39053054239865465,
        0.3603868316153415
      ],
      [
        0.18399015163401222,
        0.0,
        0.022254152614804047,
        0.027544100688030704,
        0.03759895417101164,
        0.036897876592612774,
        0.013698174249675803,
        0.0994840770344284,
        0.07807122282604555,
        0.10301223289080041,
        0.08550471841904277
      ],
      [
        0.2565851659885611,
        0.022254152614804047,
        0.0,
        0.01810035858102085,
        0.027017071531013938,
        0.03344272755849705,
        0.02169968094710701,
        0.055732556127331426,
        0.042664278291350166,
        0.05670386005316523,
        0.04642911014308411
      ],
      [
        0.2602911467139639,
        0.027544100688030704,
        0.01810035858102085,
        0.0,
        0.018920563929128737,
        0.01891230150109692,
        0.02270280037962469,
        0.04387890112402284,
        0.029291742721101084,
        0.04306878017749721,
        0.03631870512901399
      ],
      [
        0.2847537885641399,
        0.03759895417101164,
        0.027017071531013938,
        0.018920563929128737,
        0.0,
        0.020165434888088998,
        0.030959911078240455,
        0.047160569696569773,
        0.026381609595267044,
        0.0398772678595459,
        0.03181437506720776
      ],
      [
        0.28305121973336705,
        0.036897876592612774,
        0.03344272755849705,
        0.01891230150109692,
        0.020165434888088998,
        0.0,
        0.032961438210951766,
        0.04096885657309867,
        0.0338614415926028,
        0.04367117034393424,
        0.03729889070036796
      ],
      [
        0.2214650479381979,
        0.013698174249675803,
        0.02169968094710701,
        0.02270280037962469,
        0.030959911078240455,
        0.032961438210951766,
        0.0,
        0.08438932704700229,
        0.06208387070065491,
        0.0843190801857837,
        0.07654930024196405
      ],
      [
        0.37741629530025134,
        0.0994840770344284,
        0.055732556127331426,
        0.04387890112402284,
        0.047160569696569773,
        0.04096885657309867,
        0.08438932704700229,
        0.0,
        0.01519487779518125,
        0.011933918878148948,
        0.020972234184091318
      ],
      [
        0.3426441485192496,
        0.07807122282604555,
        0.042664278291350166,
        0.029291742721101084,
        0.026381609595267044,
        0.0338614415926028,
        0.06208387070065491,
        0.01519487779518125,
        0.0,
        0.011545972966810888,
        0.014929937476408204
      ],
      [
        0.39053054239865465,
